#             Stage 1
#Time;x(km);y(km);z(km);alt(km);relVel;dwnrng(km);Q(kPa);Fuel(tons);dV_tot;dV_grav;dv_drag;throttle;accel;aoa;aov;pitch;Cd;x(km);y(km);z(km);yaw;c_thrust;incl
-20.00;914.144;-5524.344;3053.973;   0.013;   0.0;0.000;0.000;409.500;  0.000;  0.000;  0.000;0.0000;1.00;0.00;90.00;28.61;0.200;914.144;-5524.344;3053.973;90.00;0.000;28.608
-19.00;914.144;-5524.344;3053.973;   0.013;   0.0;0.000;0.000;409.500;  0.000;  0.000;  0.000;0.0000;1.00;0.00;90.00;28.61;0.200;914.144;-5524.344;3053.973;90.00;0.000;28.608
-18.00;914.144;-5524.344;3053.973;   0.013;   0.0;0.000;0.000;409.500;  0.000;  0.000;  0.000;0.0000;1.00;0.00;90.00;28.61;0.200;914.144;-5524.344;3053.973;90.00;0.000;28.608
-17.00;914.144;-5524.344;3053.973;   0.013;   0.0;0.000;0.000;409.500;  0.000;  0.000;  0.000;0.0000;1.00;0.00;90.00;28.61;0.200;914.144;-5524.344;3053.973;90.00;0.000;28.608
-16.00;914.144;-5524.344;3053.973;   0.013;   0.0;0.000;0.000;409.500;  0.000;  0.000;  0.000;0.0000;1.00;0.00;90.00;28.61;0.200;914.144;-5524.344;3053.973;90.00;0.000;28.608
-15.00;914.144;-5524.344;3053.973;   0.013;   0.0;0.000;0.000;409.500;  0.000;  0.000;  0.000;0.0000;1.00;0.00;90.00;28.61;0.200;914.144;-5524.344;3053.973;90.00;0.000;28.608
-14.00;914.144;-5524.344;3053.973;   0.013;   0.0;0.000;0.000;409.500;  0.000;  0.000;  0.000;0.0000;1.00;0.00;90.00;28.61;0.200;914.144;-5524.344;3053.973;90.00;0.000;28.608
-13.00;914.144;-5524.344;3053.973;   0.013;   0.0;0.000;0.000;409.500;  0.000;  0.000;  0.000;0.0000;1.00;0.00;90.00;28.61;0.200;914.144;-5524.344;3053.973;90.00;0.000;28.608
-12.00;914.144;-5524.344;3053.973;   0.013;   0.0;0.000;0.000;409.500;  0.000;  0.000;  0.000;0.0000;1.00;0.00;90.00;28.61;0.200;914.144;-5524.344;3053.973;90.00;0.000;28.608
-11.00;914.144;-5524.344;3053.973;   0.013;   0.0;0.000;0.000;409.500;  0.000;  0.000;  0.000;0.0000;1.00;0.00;90.00;28.61;0.200;914.144;-5524.344;3053.973;90.00;0.000;28.608
-10.00;914.144;-5524.344;3053.973;   0.013;   0.0;0.000;0.000;409.500;  0.000;  0.000;  0.000;0.0000;1.00;0.00;90.00;28.61;0.200;914.144;-5524.344;3053.973;90.00;0.000;28.608
 -9.00;914.144;-5524.344;3053.973;   0.013;   0.0;0.000;0.000;409.500;  0.000;  0.000;  0.000;0.0000;1.00;0.00;90.00;28.61;0.200;914.144;-5524.344;3053.973;90.00;0.000;28.608
 -8.00;914.144;-5524.344;3053.973;   0.013;   0.0;0.000;0.000;409.500;  0.000;  0.000;  0.000;0.0000;1.00;0.00;90.00;28.61;0.200;914.144;-5524.344;3053.973;90.00;0.000;28.608
 -7.00;914.144;-5524.344;3053.973;   0.013;   0.0;0.000;0.000;409.500;  0.000;  0.000;  0.000;0.0000;1.00;0.00;90.00;28.61;0.200;914.144;-5524.344;3053.973;90.00;0.000;28.608
 -6.00;914.144;-5524.344;3053.973;   0.013;   0.0;0.000;0.000;409.500;  0.000;  0.000;  0.000;0.0000;1.00;0.00;90.00;28.61;0.200;914.144;-5524.344;3053.973;90.00;0.000;28.608
 -5.00;914.144;-5524.344;3053.973;   0.013;   0.0;0.000;0.000;409.500;  0.000;  0.000;  0.000;0.0000;1.00;0.00;90.00;28.61;0.200;914.144;-5524.344;3053.973;90.00;0.000;28.608
 -4.00;914.144;-5524.344;3053.973;   0.013;   0.0;0.000;0.000;409.500;  0.000;  0.000;  0.000;0.0000;0.51;0.00;90.00;28.61;0.200;914.144;-5524.344;3053.973;90.00;0.000;28.608
 -3.00;914.144;-5524.344;3053.973;   0.013;   0.0;0.000;0.000;409.500;  0.000;  0.000;  0.000;0.0000;0.28;0.00;90.00;28.61;0.200;914.144;-5524.344;3053.973;90.00;0.000;28.608
 -2.00;914.144;-5524.344;3053.973;   0.013;   0.0;0.000;0.000;407.533; 12.169;  0.000;  0.000;0.8100;0.37;0.00;90.00;28.61;0.200;914.144;-5524.344;3053.973;90.00;0.000;28.608
 -1.00;914.144;-5524.344;3053.973;   0.013;   0.0;0.000;0.000;405.565; 25.654;  0.000;  0.000;0.8100;0.39;0.00;90.00;28.61;0.200;914.144;-5524.344;3053.973;90.00;0.000;28.608
  0.00;914.144;-5524.344;3053.973;   0.013;   0.0;0.000;0.000;403.598; 39.205;  0.000;  0.000;0.8100;0.40;0.00;90.00;28.61;0.200;914.144;-5524.344;3053.973;90.00;0.000;28.608
  0.10;914.144;-5524.344;3053.973;   0.013;   0.3;0.000;0.000;403.401; 40.563;  0.000;  0.000;0.8100;1.40;0.21;89.79;90.00;0.200;914.184;-5524.338;3053.973;180.00;0.000;28.608
  1.10;914.144;-5524.346;3053.975;   0.015;   4.3;0.000;0.011;401.434; 54.188;  0.000;  0.000;0.8100;1.41;0.20;89.80;90.00;0.200;914.587;-5524.273;3053.975;180.00;0.000;28.608
  2.10;914.145;-5524.352;3053.978;   0.021;   8.3;0.000;0.042;399.466; 67.880;  0.000;  0.000;0.8100;1.42;0.20;89.80;89.99;0.200;914.991;-5524.212;3053.978;180.00;0.000;28.608
  3.10;914.147;-5524.361;3053.983;   0.032;  12.5;0.000;0.094;397.499; 81.642;  0.000;  0.000;0.8100;1.42;0.20;89.80;89.99;0.200;915.396;-5524.154;3053.983;179.99;0.000;28.608
  4.10;914.149;-5524.374;3053.990;   0.047;  16.7;0.000;0.168;395.532; 95.476;  0.000;  0.000;0.8100;1.43;0.20;89.80;89.98;0.200;915.800;-5524.100;3053.990;179.99;0.000;28.608
  5.10;914.152;-5524.390;3053.999;   0.066;  20.9;0.000;0.265;393.564;109.382;  0.000;  0.000;0.8100;1.44;0.20;89.80;89.98;0.200;916.206;-5524.050;3053.999;179.99;0.000;28.608
  6.10;914.155;-5524.410;3054.010;   0.089;  25.3;0.000;0.385;391.597;123.362;  0.000;  0.000;0.8100;1.44;0.20;89.80;89.98;0.200;916.612;-5524.003;3054.010;179.99;0.000;28.608
  7.10;914.159;-5524.434;3054.023;   0.116;  29.7;0.000;0.530;389.629;137.418;  0.000;  0.000;0.8100;1.45;0.20;89.79;89.97;0.200;917.019;-5523.960;3054.023;179.99;0.000;28.608
  8.10;914.163;-5524.462;3054.038;   0.148;  34.2;0.000;0.701;387.662;151.552;  0.000;  0.000;0.8100;1.46;0.20;89.79;89.97;0.200;917.426;-5523.921;3054.038;179.98;0.000;28.608
  9.10;914.169;-5524.494;3054.055;   0.185;  38.8;0.001;0.898;385.695;165.765;  0.000;  0.000;0.8100;1.47;0.20;89.79;89.97;0.200;917.834;-5523.886;3054.055;179.98;0.000;28.608
 10.10;914.174;-5524.530;3054.075;   0.226;  43.4;0.001;1.123;383.727;180.059;  0.000;  0.000;0.8100;1.48;0.20;89.79;89.96;0.200;918.243;-5523.855;3054.075;179.98;0.000;28.608
 11.10;914.181;-5524.570;3054.097;   0.272;  48.2;0.001;1.375;381.760;194.436;  0.000;  0.000;0.8100;1.49;0.20;89.78;89.96;0.200;918.652;-5523.828;3054.097;179.98;0.000;28.608
 12.10;914.188;-5524.614;3054.121;   0.323;  53.0;0.001;1.657;379.793;208.897;  0.000;  0.000;0.8100;1.49;0.20;89.78;89.96;0.200;919.062;-5523.805;3054.121;179.98;0.000;28.608
 13.10;914.196;-5524.662;3054.147;   0.378;  57.9;0.001;1.968;377.825;223.444;  0.000;  0.000;0.8100;1.50;0.20;89.78;89.95;0.200;919.473;-5523.786;3054.147;179.97;0.000;28.608
 14.10;914.205;-5524.714;3054.176;   0.439;  62.9;0.002;2.309;375.858;238.080;  0.000;  0.000;0.8100;1.51;0.20;89.77;89.95;0.200;919.884;-5523.771;3054.176;179.97;0.000;28.608
 15.10;914.214;-5524.771;3054.207;   0.504;  68.0;0.002;2.681;373.890;252.805;  0.000;  0.000;0.8100;1.52;0.20;89.77;89.94;0.200;920.297;-5523.761;3054.207;179.97;0.000;28.608
 16.10;914.224;-5524.833;3054.241;   0.575;  73.1;0.002;3.085;371.923;267.623;  0.000;  0.000;0.8100;1.53;0.20;89.77;89.94;0.200;920.709;-5523.755;3054.241;179.97;0.000;28.608
 17.10;914.234;-5524.898;3054.277;   0.651;  78.4;0.002;3.520;369.956;282.534;  0.000;  0.000;0.8100;1.54;0.20;89.76;89.94;0.200;921.123;-5523.754;3054.277;179.97;0.000;28.608
 18.10;914.246;-5524.969;3054.316;   0.732;  83.8;0.003;3.988;367.988;297.540;  0.000;  0.000;0.8100;1.55;0.20;89.76;89.93;0.200;921.537;-5523.757;3054.316;179.96;0.000;28.608
 19.10;914.258;-5525.044;3054.357;   0.819;  89.2;0.003;4.488;366.021;312.644;  0.000;  0.000;0.8100;1.56;0.20;89.75;89.93;0.200;921.952;-5523.765;3054.357;179.96;0.000;28.608
 20.10;914.271;-5525.124;3054.401;   0.911;  94.8;0.004;5.021;364.053;327.847;  0.000;  0.000;0.8100;1.57;0.21;89.75;89.93;0.200;922.368;-5523.778;3054.401;179.96;0.000;28.608
 21.10;914.285;-5525.209;3054.448;   1.009; 100.4;0.004;5.586;362.086;343.152;  0.000;  0.000;0.8100;1.58;0.21;89.74;89.92;0.200;922.785;-5523.796;3054.448;179.96;0.000;28.608
 22.10;914.299;-5525.299;3054.497;   1.112; 106.2;0.004;6.184;360.119;358.560;  0.000;  0.000;0.8100;1.59;0.21;89.74;89.92;0.200;923.202;-5523.818;3054.497;179.96;0.000;28.608
 23.10;914.314;-5525.393;3054.549;   1.221; 112.0;0.005;6.814;358.151;374.073;  0.000;  0.000;0.8100;1.60;0.21;89.73;89.92;0.200;923.621;-5523.846;3054.549;179.95;0.000;28.608
 24.10;914.331;-5525.493;3054.604;   1.336; 118.0;0.005;7.476;356.184;389.693;  0.000;  0.000;0.8100;1.61;0.21;89.73;89.91;0.200;924.040;-5523.878;3054.604;179.95;0.000;28.608
 25.10;914.348;-5525.599;3054.661;   1.458; 124.0;0.006;8.170;354.217;405.422;  0.000;  0.000;0.8100;1.62;0.21;89.72;89.91;0.200;924.460;-5523.916;3054.661;179.95;0.000;28.608
 26.10;914.365;-5525.709;3054.722;   1.585; 130.2;0.007;8.895;352.249;421.263;  0.000;  0.000;0.8100;1.63;0.21;89.71;89.90;0.200;924.880;-5523.959;3054.722;179.95;0.000;28.608
 27.10;914.384;-5525.825;3054.786;   1.718; 136.5;0.007;9.649;350.282;437.216;  0.000;  0.000;0.8100;1.64;0.22;89.71;89.90;0.200;925.302;-5524.007;3054.786;179.95;0.000;28.608
 28.10;914.403;-5525.946;3054.852;   1.858; 142.8;0.008;10.433;348.314;453.285;  0.000;  0.000;0.8100;1.65;0.22;89.70;89.90;0.200;925.725;-5524.061;3054.852;179.94;0.000;28.608
 29.10;914.424;-5526.073;3054.922;   2.004; 149.3;0.009;11.244;346.347;469.470;  0.000;  0.000;0.8100;1.67;0.22;89.70;89.89;0.200;926.148;-5524.120;3054.922;179.94;0.000;28.608
 30.10;914.445;-5526.206;3054.995;   2.157; 155.9;0.010;12.081;344.380;485.773;  0.000;  0.000;0.8069;1.68;0.27;89.69;89.95;0.200;926.572;-5524.185;3054.995;171.41;0.000;28.608
 31.10;914.467;-5526.344;3055.071;   2.317; 162.6;0.010;12.926;342.460;502.085;  0.000;  0.000;0.7759;1.67;-1.44;89.74;88.79;0.200;926.998;-5524.256;3055.071;7.07;0.000;28.608
 32.10;914.491;-5526.488;3055.150;   2.483; 169.1;0.011;13.762;340.615;518.334;  0.000;  0.000;0.7449;1.66;-2.52;89.87;87.54;0.200;927.424;-5524.333;3055.150;6.76;0.000;28.608
 33.10;914.516;-5526.638;3055.232;   2.655; 175.6;0.011;14.583;338.845;534.520;  0.000;  0.000;0.7139;1.65;-3.51;89.76;86.28;0.200;927.853;-5524.414;3055.232;6.67;0.000;28.608
 34.10;914.543;-5526.793;3055.317;   2.834; 181.9;0.010;15.385;337.151;550.641;  0.000;  0.000;0.6829;1.65;-4.43;89.43;85.02;0.200;928.283;-5524.502;3055.317;6.62;0.000;28.608
 35.10;914.572;-5526.953;3055.406;   3.019; 188.2;0.009;16.163;335.532;566.692;  0.000;  0.000;0.6519;1.64;-5.27;89.03;83.77;0.200;928.715;-5524.594;3055.406;6.59;0.000;28.608
 36.10;914.603;-5527.118;3055.498;   3.211; 194.3;0.008;16.898;333.988;582.581;  0.000;  0.000;0.6209;1.61;-6.06;88.57;82.51;0.200;929.150;-5524.691;3055.498;6.57;0.000;28.608
 37.10;914.637;-5527.288;3055.592;   3.408; 200.2;0.010;17.573;332.519;598.233;  0.000;  0.000;0.5899;1.59;-6.81;88.06;81.26;0.200;929.587;-5524.793;3055.592;6.55;0.000;28.608
 38.10;914.674;-5527.462;3055.690;   3.611; 205.7;0.015;18.182;331.126;613.641;  0.000;  0.000;0.5589;1.56;-7.52;87.52;80.00;0.200;930.027;-5524.899;3055.690;6.54;0.000;28.608
 39.10;914.714;-5527.640;3055.790;   3.819; 211.0;0.025;18.723;329.808;628.801;  0.000;  0.000;0.5279;1.53;-8.20;86.94;78.75;0.200;930.470;-5525.010;3055.790;6.54;0.000;28.608
 40.10;914.756;-5527.823;3055.893;   4.033; 216.1;0.037;19.192;328.565;643.708;  0.000;  0.000;0.5000;1.50;-8.86;86.35;77.49;0.200;930.917;-5525.124;3055.893;6.53;0.000;28.608
 41.10;914.802;-5528.009;3055.999;   4.251; 220.9;0.052;19.609;327.350;658.476;  0.000;  0.000;0.5000;1.49;-9.49;85.72;76.24;0.200;931.366;-5525.242;3055.999;6.52;0.000;28.608
 42.10;914.852;-5528.198;3056.107;   4.473; 225.7;0.069;19.985;326.136;673.174;  0.000;  0.000;0.5000;1.48;-10.10;85.07;74.98;0.200;931.819;-5525.363;3056.107;6.52;0.000;28.608
 43.10;914.905;-5528.390;3056.217;   4.700; 230.3;0.090;20.320;324.921;687.802;  0.000;  0.000;0.5000;1.47;-10.68;84.40;73.73;0.206;932.276;-5525.488;3056.217;6.52;0.000;28.608
 44.10;914.962;-5528.586;3056.330;   4.932; 234.9;0.114;20.612;323.707;702.356;  0.000;  0.000;0.5000;1.46;-11.25;83.72;72.47;0.210;932.736;-5525.615;3056.330;6.51;0.000;28.608
 45.10;915.022;-5528.784;3056.445;   5.168; 239.4;0.142;20.862;322.493;716.835;  0.000;  0.000;0.5000;1.45;-11.80;83.01;71.21;0.215;933.200;-5525.745;3056.445;6.51;0.000;28.608
 46.10;915.087;-5528.985;3056.562;   5.407; 243.8;0.173;21.069;321.278;731.235;  0.000;  0.000;0.5000;1.44;-12.33;82.29;69.96;0.221;933.668;-5525.878;3056.562;6.51;0.000;28.608
 47.10;915.156;-5529.189;3056.682;   5.651; 248.1;0.207;21.233;320.064;745.554;  0.000;  0.000;0.5000;1.43;-12.86;81.56;68.70;0.228;934.141;-5526.013;3056.682;6.51;0.000;28.608
 48.10;915.229;-5529.395;3056.804;   5.898; 252.3;0.245;21.355;318.849;759.789;  0.000;  0.000;0.5000;1.42;-13.37;80.82;67.45;0.235;934.617;-5526.151;3056.804;6.50;0.000;28.608
 49.10;915.306;-5529.604;3056.927;   6.149; 256.4;0.288;21.434;317.635;773.938;  0.000;  0.000;0.5000;1.40;-13.87;80.06;66.19;0.242;935.098;-5526.291;3056.927;6.50;0.000;28.608
 50.10;915.387;-5529.814;3057.053;   6.403; 260.4;0.334;21.471;316.420;787.999;  0.000;  0.000;0.5000;1.39;-14.26;79.30;65.04;0.250;935.584;-5526.433;3057.053;6.50;0.000;28.608
 51.10;915.474;-5530.027;3057.181;   6.661; 264.4;0.385;21.488;315.206;802.071;  0.000;  0.000;0.5000;1.40;-13.94;78.53;64.59;0.258;936.074;-5526.577;3057.181;6.50;0.000;28.608
 52.10;915.564;-5530.241;3057.310;   6.922; 268.5;0.439;21.499;313.991;816.230;  0.000;  0.000;0.5000;1.41;-13.60;77.73;64.13;0.266;936.568;-5526.723;3057.310;6.50;0.000;28.609
 53.10;915.660;-5530.458;3057.442;   7.186; 272.8;0.499;21.506;312.777;830.476;  0.000;  0.000;0.5000;1.42;-13.24;76.92;63.68;0.275;937.068;-5526.871;3057.442;6.50;0.000;28.609
 54.10;915.761;-5530.676;3057.576;   7.453; 277.2;0.563;21.506;311.563;844.810;  0.000;  0.000;0.5000;1.43;-12.87;76.10;63.23;0.285;937.573;-5527.020;3057.576;6.49;0.000;28.609
 55.10;915.867;-5530.896;3057.712;   7.724; 281.7;0.632;21.501;310.348;859.232;  0.000;  0.000;0.5000;1.44;-12.48;75.25;62.77;0.295;938.083;-5527.171;3057.712;6.49;0.000;28.609
 56.10;915.979;-5531.118;3057.850;   7.998; 286.4;0.707;21.489;309.134;873.743;  0.000;  0.000;0.5000;1.45;-12.08;74.40;62.32;0.306;938.599;-5527.324;3057.850;6.49;0.000;28.609
 57.10;916.097;-5531.341;3057.990;   8.276; 291.2;0.786;21.471;307.919;888.342;  0.000;  0.000;0.5000;1.46;-11.66;73.52;61.87;0.317;939.120;-5527.479;3057.990;6.49;0.000;28.609
 58.10;916.221;-5531.567;3058.132;   8.557; 296.2;0.872;21.445;306.705;903.031;  0.000;  0.000;0.5000;1.47;-11.23;72.64;61.42;0.328;939.648;-5527.636;3058.132;6.49;0.000;28.609
 59.10;916.351;-5531.794;3058.276;   8.842; 301.3;0.963;21.411;305.490;917.810;  0.000;  0.000;0.5000;1.49;-10.79;71.75;60.96;0.340;940.182;-5527.794;3058.276;6.49;0.000;28.609
 60.10;916.487;-5532.023;3058.423;   9.130; 306.6;1.061;21.369;304.276;932.679;  0.000;  0.000;0.5000;1.50;-10.34;70.84;60.51;0.352;940.722;-5527.953;3058.423;6.49;0.000;28.609
 61.10;916.630;-5532.253;3058.572;   9.421; 312.0;1.165;21.319;303.062;947.638;  0.000;  0.000;0.5000;1.51;-9.88;69.93;60.06;0.364;941.270;-5528.114;3058.572;6.49;0.000;28.609
 62.10;916.780;-5532.485;3058.723;   9.716; 317.6;1.275;21.261;301.847;962.689;  0.000;  0.000;0.5000;1.52;-9.42;69.02;59.60;0.376;941.824;-5528.277;3058.723;6.48;0.000;28.609
 63.10;916.937;-5532.719;3058.877;  10.014; 323.3;1.392;21.193;300.633;977.831;  0.000;  0.000;0.5000;1.53;-8.95;68.09;59.15;0.389;942.385;-5528.441;3058.877;6.48;0.000;28.609
 64.10;917.101;-5532.954;3059.032;  10.316; 329.3;1.516;21.117;299.418;993.065;  0.000;  0.000;0.5000;1.54;-8.48;67.17;58.70;0.401;942.954;-5528.607;3059.032;6.48;0.000;28.610
 65.10;917.273;-5533.191;3059.191;  10.622; 335.3;1.648;21.033;298.204;1008.391;  0.000;  0.000;0.5000;1.55;-8.00;66.24;58.24;0.413;943.530;-5528.774;3059.191;6.48;0.000;28.610
 66.10;917.453;-5533.429;3059.351;  10.930; 341.7;1.786;20.952;296.989;1023.923;  0.000;  0.000;0.5000;1.58;-7.53;65.32;57.79;0.424;944.114;-5528.942;3059.351;6.48;0.000;28.610
 67.10;917.640;-5533.668;3059.514;  11.243; 348.4;1.933;20.886;295.775;1039.748;  0.000;  0.000;0.5000;1.61;-7.05;64.39;57.34;0.435;944.706;-5529.112;3059.514;6.48;0.000;28.610
 68.10;917.837;-5533.909;3059.680;  11.559; 355.4;2.088;20.833;294.561;1055.868;  0.000;  0.000;0.5000;1.64;-6.58;63.46;56.88;0.445;945.306;-5529.283;3059.680;6.48;0.000;28.610
 69.10;918.041;-5534.152;3059.848;  11.879; 362.9;2.251;20.793;293.346;1072.290;  0.000;  0.000;0.5000;1.67;-6.11;62.53;56.43;0.453;945.915;-5529.455;3059.848;6.48;0.000;28.610
 70.10;918.255;-5534.396;3060.019;  12.203; 370.7;2.422;20.765;292.132;1089.015;  0.000;  0.000;0.5000;1.70;-5.61;61.61;56.01;0.462;946.534;-5529.630;3060.019;6.48;0.000;28.610
 71.10;918.479;-5534.642;3060.193;  12.531; 379.0;2.603;20.748;290.917;1106.050;  0.000;  0.000;0.5000;1.73;-4.90;60.71;55.81;0.470;947.162;-5529.805;3060.193;6.47;0.000;28.611
 72.10;918.712;-5534.890;3060.370;  12.864; 387.6;2.793;20.744;289.703;1123.399;  0.000;  0.000;0.5000;1.76;-4.21;59.82;55.61;0.477;947.799;-5529.983;3060.370;6.47;0.000;28.611
 73.10;918.955;-5535.139;3060.550;  13.202; 396.6;2.992;20.751;288.488;1141.066;  0.000;  0.000;0.5000;1.80;-3.55;58.95;55.41;0.483;948.447;-5530.162;3060.550;6.47;0.000;28.611
 74.10;919.208;-5535.391;3060.733;  13.544; 406.1;3.202;20.772;287.274;1159.056;  0.000;  0.000;0.5000;1.83;-2.90;58.11;55.21;0.489;949.105;-5530.344;3060.733;6.47;0.000;28.611
 75.10;919.472;-5535.645;3060.920;  13.892; 415.9;3.421;20.806;286.059;1177.374;  0.000;  0.000;0.5000;1.86;-2.29;57.28;55.01;0.493;949.773;-5530.527;3060.920;6.47;0.000;28.611
 76.10;919.747;-5535.902;3061.111;  14.245; 426.2;3.651;19.966;284.845;1196.025;  0.000;  0.000;0.5000;1.90;-1.69;56.49;54.81;0.495;950.453;-5530.713;3061.111;6.47;0.000;28.612
 77.10;920.032;-5536.161;3061.305;  14.603; 436.9;3.891;19.826;283.631;1215.016;  0.000;  0.000;0.5000;1.93;-1.13;55.72;54.61;0.496;951.143;-5530.901;3061.305;6.47;0.000;28.612
 78.10;920.330;-5536.422;3061.502;  14.967; 448.0;4.143;19.682;282.416;1234.350;  0.000;  0.000;0.5000;1.97;-0.61;54.98;54.41;0.496;951.845;-5531.091;3061.502;6.47;0.000;28.612
 79.10;920.639;-5536.687;3061.704;  15.337; 459.5;4.405;19.532;281.202;1254.033;  0.000;  0.000;0.5000;2.01;-0.21;54.26;54.21;0.494;952.559;-5531.284;3061.704;6.46;0.000;28.612
 80.10;920.960;-5536.954;3061.910;  15.713; 471.5;4.679;19.375;279.987;1274.072;  0.000;  0.000;0.5000;2.04;0.47;53.58;54.01;0.490;953.285;-5531.480;3061.910;6.46;0.000;28.613
 81.10;921.293;-5537.224;3062.120;  16.096; 483.8;4.964;19.200;278.773;1294.348;  0.000;  0.000;0.5000;2.06;0.91;52.92;53.80;0.485;954.024;-5531.679;3062.120;6.46;0.000;28.613
 82.10;921.639;-5537.498;3062.335;  16.485; 496.2;5.261;18.999;277.558;1314.771;  0.000;  0.000;0.5000;2.07;1.34;52.28;53.60;0.478;954.774;-5531.881;3062.335;6.46;0.000;28.613
 83.10;921.998;-5537.775;3062.553;  16.882; 509.0;5.570;18.772;276.344;1335.342;  0.000;  0.000;0.5000;2.09;1.74;51.67;53.40;0.470;955.538;-5532.086;3062.553;6.46;0.000;28.613
 84.10;922.369;-5538.055;3062.777;  17.284; 521.9;5.892;18.520;275.130;1356.065;  0.000;  0.000;0.5000;2.10;2.13;51.08;53.20;0.460;956.314;-5532.294;3062.777;6.46;0.000;28.614
 85.10;922.753;-5538.338;3063.004;  17.694; 535.0;6.225;18.244;273.915;1376.939;  0.000;  0.000;0.5000;2.12;2.50;50.51;53.00;0.449;957.104;-5532.505;3063.004;6.46;0.000;28.614
 86.10;923.150;-5538.624;3063.236;  18.110; 548.3;6.571;17.945;272.701;1397.967;  0.000;  0.000;0.5000;2.14;2.85;49.96;52.80;0.437;957.906;-5532.719;3063.236;6.45;0.000;28.614
 87.10;923.561;-5538.914;3063.473;  18.534; 561.9;6.929;17.625;271.486;1419.151;  0.000;  0.000;0.5000;2.15;3.18;49.43;52.60;0.425;958.722;-5532.936;3063.473;6.45;0.000;28.615
 88.10;923.985;-5539.207;3063.714;  18.964; 575.7;7.300;17.283;270.272;1440.493;  0.000;  0.000;0.5000;2.17;3.49;48.91;52.40;0.411;959.551;-5533.157;3063.714;6.45;0.000;28.615
 89.10;924.423;-5539.503;3063.960;  19.402; 589.7;7.684;16.923;269.057;1461.993;  0.000;  0.000;0.5000;2.19;3.79;48.42;52.20;0.398;960.395;-5533.380;3063.960;6.45;0.000;28.615
 90.10;924.874;-5539.803;3064.210;  19.847; 603.9;8.082;16.544;267.843;1483.655;  0.000;  0.000;0.5000;2.20;4.07;47.94;52.00;0.383;961.251;-5533.607;3064.210;6.45;0.000;28.616
 91.10;925.340;-5540.107;3064.466;  20.299; 618.3;8.492;15.213;266.629;1505.479;  0.000;  0.000;0.5000;2.22;4.33;47.47;51.80;0.371;962.123;-5533.837;3064.466;6.45;0.000;28.616
 92.10;925.819;-5540.413;3064.726;  20.759; 633.0;8.916;14.942;265.414;1527.469;  0.000;  0.000;0.5000;2.24;4.58;47.02;51.60;0.357;963.008;-5534.071;3064.726;6.45;0.000;28.617
 93.10;926.313;-5540.723;3064.991;  21.226; 647.9;9.353;14.655;264.200;1549.626;  0.000;  0.000;0.5000;2.26;4.81;46.59;51.40;0.342;963.908;-5534.307;3064.991;6.45;0.000;28.617
 94.10;926.822;-5541.037;3065.261;  21.700; 662.9;9.804;14.352;262.985;1571.952;  0.000;  0.000;0.5000;2.27;5.03;46.16;51.19;0.328;964.822;-5534.547;3065.261;6.45;0.000;28.617
 95.10;927.345;-5541.354;3065.536;  22.183; 678.3;10.269;14.034;261.771;1594.450;  0.000;  0.000;0.5000;2.29;5.24;45.75;50.99;0.314;965.751;-5534.790;3065.536;6.44;0.000;28.618
 96.10;927.884;-5541.675;3065.816;  22.673; 693.8;10.748;13.704;260.556;1617.121;  0.000;  0.000;0.5000;2.31;5.44;45.36;50.79;0.301;966.695;-5535.037;3065.816;6.44;0.000;28.618
 97.10;928.437;-5542.000;3066.101;  23.170; 709.5;11.241;13.361;259.342;1639.968;  0.000;  0.000;0.5000;2.33;5.62;44.97;50.59;0.287;967.655;-5535.287;3066.101;6.44;0.000;28.619
 98.10;929.006;-5542.328;3066.391;  23.676; 725.5;11.749;13.008;258.128;1662.993;  0.000;  0.000;0.5000;2.35;5.80;44.60;50.39;0.274;968.629;-5535.541;3066.391;6.44;0.000;28.619
 99.10;929.590;-5542.660;3066.687;  24.190; 741.7;12.271;12.645;256.913;1686.199;  0.000;  0.000;0.5000;2.37;5.96;44.24;50.19;0.262;969.620;-5535.798;3066.687;6.44;0.000;28.620
100.10;930.190;-5542.995;3066.987;  24.711; 758.1;12.809;12.274;255.699;1709.588;  0.000;  0.000;0.5000;2.39;6.09;43.89;49.98;0.250;970.626;-5536.058;3066.987;6.44;0.000;28.620
101.10;930.806;-5543.335;3067.293;  25.241; 774.8;13.361;11.897;254.484;1733.162;  0.000;  0.000;0.5000;2.41;5.74;43.54;49.27;0.238;971.648;-5536.322;3067.293;6.44;0.000;28.621
102.10;931.438;-5543.678;3067.605;  25.779; 791.7;13.928;11.514;253.270;1756.925;  0.000;  0.000;0.5000;2.43;5.39;43.19;48.57;0.227;972.686;-5536.590;3067.605;6.43;0.000;28.621
103.10;932.087;-5544.024;3067.922;  26.325; 808.9;14.511;11.127;252.055;1780.879;  0.000;  0.000;0.5000;2.45;5.04;42.84;47.87;0.216;973.741;-5536.860;3067.922;6.43;0.000;28.622
104.10;932.752;-5544.374;3068.244;  26.879; 826.3;15.111;10.739;250.841;1805.026;  0.000;  0.000;0.5000;2.47;4.69;42.48;47.17;0.206;974.813;-5537.134;3068.244;6.43;0.000;28.623
105.10;933.435;-5544.728;3068.571;  27.442; 844.0;15.726;10.349;249.626;1829.370;  0.000;  0.000;0.5000;2.49;4.35;42.13;46.47;0.200;975.902;-5537.411;3068.571;6.42;0.000;28.623
106.10;934.135;-5545.085;3068.904;  28.012; 861.9;16.358;9.959;248.412;1853.913;  0.000;  0.000;0.5000;2.51;4.01;41.77;45.77;0.200;977.008;-5537.691;3068.904;6.42;0.000;28.624
107.10;934.853;-5545.444;3069.243;  28.590; 880.1;17.007;9.570;247.198;1878.659;  0.000;  0.000;0.5000;2.53;3.67;41.41;45.07;0.200;978.133;-5537.975;3069.243;6.42;0.000;28.624
108.10;935.589;-5545.807;3069.587;  29.177; 898.6;17.673;9.184;245.983;1903.610;  0.000;  0.000;0.5000;2.55;3.33;41.05;44.37;0.200;979.276;-5538.260;3069.587;6.41;0.000;28.625
109.10;936.343;-5546.173;3069.936;  29.771; 917.3;18.357;8.801;244.769;1928.770;  0.000;  0.000;0.5000;2.57;2.99;40.69;43.67;0.200;980.437;-5538.549;3069.936;6.41;0.000;28.626
110.10;937.116;-5546.542;3070.291;  30.373; 936.3;19.059;8.423;243.554;1954.141;  0.000;  0.000;0.5000;2.59;2.66;40.32;42.97;0.200;981.617;-5538.840;3070.291;6.41;0.000;28.626
111.10;937.909;-5546.913;3070.651;  30.983; 955.6;19.779;8.050;242.340;1979.728;  0.000;  0.000;0.5000;2.62;2.33;39.95;42.27;0.200;982.816;-5539.133;3070.651;6.40;0.000;28.627
112.10;938.721;-5547.287;3071.017;  31.601; 975.1;20.518;7.683;241.125;2005.534;  0.000;  0.000;0.5000;2.64;2.00;39.58;41.57;0.200;984.035;-5539.429;3071.017;6.40;0.000;28.628
113.10;939.553;-5547.663;3071.388;  32.226; 994.9;21.276;7.323;239.911;2031.562;  0.000;  0.000;0.5000;2.66;1.68;39.21;40.87;0.200;985.274;-5539.726;3071.388;6.40;0.000;28.629
114.10;940.405;-5548.042;3071.765;  32.859;1015.0;22.053;6.971;238.697;2057.816;  0.000;  0.000;0.5000;2.69;1.35;38.83;40.17;0.200;986.533;-5540.026;3071.765;6.40;0.000;28.629
115.10;941.277;-5548.422;3072.147;  33.499;1035.4;22.850;6.627;237.482;2084.300;  0.000;  0.000;0.5033;2.71;1.03;38.46;39.47;0.200;987.812;-5540.327;3072.147;6.39;0.000;28.630
116.10;942.170;-5548.805;3072.535;  34.147;1056.0;23.667;6.291;236.217;2110.912;  0.000;  0.000;0.5367;2.71;0.72;38.08;38.77;0.200;989.113;-5540.629;3072.535;6.39;0.000;28.631
117.10;943.085;-5549.189;3072.927;  34.802;1076.6;24.505;5.963;234.871;2137.542;  0.000;  0.000;0.5700;2.71;0.42;37.70;38.07;0.200;990.435;-5540.933;3072.927;6.39;0.000;28.632
118.10;944.021;-5549.574;3073.326;  35.464;1097.4;25.363;5.642;233.444;2164.189;  0.000;  0.000;0.6033;2.72;0.21;37.31;37.37;0.200;991.778;-5541.239;3073.326;6.39;0.000;28.632
119.10;944.978;-5549.960;3073.729;  36.133;1118.1;26.242;5.331;231.936;2190.851;  0.000;  0.000;0.6367;2.72;-0.33;36.93;36.67;0.200;993.142;-5541.544;3073.729;6.38;0.000;28.633
120.10;945.957;-5550.348;3074.137;  36.808;1139.0;27.142;5.029;230.347;2217.527;  0.000;  0.000;0.6700;2.72;-0.60;36.54;35.97;0.200;994.529;-5541.851;3074.137;6.38;0.000;28.634
121.10;946.957;-5550.736;3074.551;  37.489;1159.9;28.063;4.737;228.677;2244.215;  0.000;  0.000;0.7033;2.72;-0.90;36.15;35.27;0.200;995.937;-5542.157;3074.551;6.38;0.000;28.635
122.10;947.980;-5551.124;3074.969;  38.177;1180.9;29.005;4.457;226.926;2270.912;  0.000;  0.000;0.7367;2.72;-1.21;35.76;34.57;0.200;997.367;-5542.464;3074.969;6.38;0.000;28.636
123.10;949.024;-5551.512;3075.392;  38.870;1202.0;29.969;4.187;225.094;2297.617;  0.000;  0.000;0.7700;2.72;-1.52;35.37;33.87;0.200;998.819;-5542.770;3075.392;6.38;0.000;28.637
124.10;950.091;-5551.901;3075.820;  39.568;1223.1;30.955;3.928;223.182;2324.328;  0.000;  0.000;0.8033;2.72;-1.82;34.98;33.17;0.200;1000.293;-5543.076;3075.820;6.37;0.000;28.638
125.10;951.180;-5552.288;3076.252;  40.272;1244.3;31.962;3.681;221.188;2351.043;  0.000;  0.000;0.8367;2.72;-2.13;34.58;32.47;0.200;1001.790;-5543.381;3076.252;6.37;0.000;28.639
126.10;952.292;-5552.675;3076.688;  40.981;1265.5;32.992;3.446;219.113;2377.760;  0.000;  0.000;0.8700;2.72;-2.43;34.19;31.77;0.200;1003.309;-5543.684;3076.688;6.37;0.000;28.640
127.10;953.426;-5553.061;3077.129;  41.694;1286.7;34.044;3.221;216.958;2404.476;  0.000;  0.000;0.9033;2.72;-2.74;33.79;31.07;0.200;1004.851;-5543.986;3077.129;6.37;0.000;28.641
128.10;954.583;-5553.446;3077.574;  42.412;1308.1;35.118;3.008;214.721;2431.190;  0.000;  0.000;0.9367;2.72;-3.04;33.40;30.37;0.200;1006.416;-5544.287;3077.574;6.37;0.000;28.642
129.10;955.763;-5553.829;3078.023;  43.135;1329.4;36.215;2.806;212.403;2457.899;  0.000;  0.000;0.9700;2.72;-3.34;33.00;29.67;0.200;1008.004;-5544.586;3078.023;6.36;0.000;28.643
130.10;956.965;-5554.210;3078.477;  43.861;1350.8;37.334;2.615;210.006;2484.600;  0.000;  0.000;1.0000;2.72;-3.64;32.61;28.97;0.200;1009.614;-5544.882;3078.477;6.36;0.000;28.644
131.10;958.191;-5554.590;3078.934;  44.591;1372.4;38.476;2.435;207.577;2511.414;  0.000;  0.000;1.0000;2.75;-3.95;32.21;28.27;0.200;1011.248;-5545.176;3078.934;6.36;0.000;28.645
132.10;959.441;-5554.966;3079.394;  45.324;1394.2;39.642;2.267;205.148;2538.465;  0.000;  0.000;1.0000;2.77;-4.25;31.81;27.57;0.200;1012.905;-5545.467;3079.394;6.36;0.000;28.646
133.10;960.714;-5555.341;3079.859;  46.060;1416.4;40.830;2.108;202.719;2565.759;  0.000;  0.000;1.0000;2.80;-4.55;31.41;26.87;0.200;1014.586;-5545.755;3079.859;6.36;0.000;28.647
134.10;962.011;-5555.712;3080.327;  46.800;1438.8;42.043;1.960;200.290;2593.298;  0.000;  0.000;1.0000;2.82;-4.85;31.01;26.17;0.200;1016.291;-5546.040;3080.327;6.35;0.000;28.648
135.10;963.332;-5556.080;3080.799;  47.543;1461.5;43.280;1.821;197.861;2621.089;  0.000;  0.000;1.0000;2.85;-5.14;30.61;25.47;0.200;1018.021;-5546.321;3080.799;6.35;0.000;28.650
136.10;964.678;-5556.445;3081.274;  48.288;1484.6;44.542;1.692;195.432;2649.134;  0.000;  0.000;1.0000;2.87;-5.44;30.20;24.77;0.200;1019.775;-5546.598;3081.274;6.35;0.000;28.651
137.10;966.049;-5556.807;3081.753;  49.037;1507.9;45.828;1.570;193.004;2677.440;  0.000;  0.000;1.0000;2.90;-5.74;29.80;24.07;0.200;1021.554;-5546.872;3081.753;6.35;0.000;28.652
138.10;967.446;-5557.165;3082.236;  49.787;1531.5;47.140;1.457;190.575;2706.010;  0.000;  0.000;1.0000;2.93;-6.03;29.39;23.37;0.200;1023.359;-5547.141;3082.236;6.35;0.000;28.653
139.10;968.869;-5557.518;3082.721;  50.540;1555.5;48.478;1.352;188.146;2734.850;  0.000;  0.000;1.0000;2.95;-6.33;28.99;22.67;0.200;1025.189;-5547.405;3082.721;6.35;0.000;28.654
140.10;970.317;-5557.867;3083.211;  51.295;1579.8;49.842;1.253;185.717;2763.966;  0.000;  0.000;1.0000;2.98;-6.59;28.58;22.00;0.200;1027.046;-5547.665;3083.211;6.34;0.000;28.656
141.10;971.792;-5558.212;3083.703;  52.052;1604.4;51.232;1.162;183.288;2793.361;  0.000;  0.000;1.0000;3.01;-5.69;28.19;22.50;0.200;1028.929;-5547.919;3083.703;6.08;0.000;28.657
142.10;973.293;-5558.552;3084.199;  52.811;1629.4;52.648;1.077;180.859;2823.042;  0.000;  0.000;1.0000;3.04;-5.30;27.81;22.51;0.200;1030.838;-5548.169;3084.199;6.07;0.000;28.658
143.10;974.822;-5558.888;3084.698;  53.572;1654.8;54.092;0.997;178.430;2853.014;  0.000;  0.000;1.0000;3.07;-4.91;27.44;22.53;0.200;1032.775;-5548.414;3084.698;6.06;0.000;28.660
144.10;976.378;-5559.220;3085.200;  54.336;1680.5;55.563;0.924;176.001;2883.283;  0.000;  0.000;1.0000;3.10;-4.54;27.08;22.55;0.200;1034.739;-5548.654;3085.200;6.05;0.000;28.661
145.10;977.961;-5559.548;3085.707;  55.102;1706.6;57.061;0.855;173.573;2913.855;  0.000;  0.000;1.0000;3.13;-4.17;26.73;22.56;0.200;1036.730;-5548.890;3085.707;6.04;0.000;28.663
146.10;979.572;-5559.871;3086.217;  55.872;1733.1;58.586;0.791;171.144;2944.735;  0.000;  0.000;1.0000;3.17;-3.82;26.40;22.58;0.200;1038.749;-5549.120;3086.217;6.04;0.000;28.664
147.10;981.211;-5560.191;3086.730;  56.644;1760.0;60.140;0.732;168.715;2975.931;  0.000;  0.000;1.0000;3.20;-3.48;26.07;22.60;0.200;1040.796;-5549.346;3086.730;6.03;0.000;28.665
148.10;982.879;-5560.506;3087.248;  57.419;1787.2;61.722;0.676;166.286;3007.449;  0.000;  0.000;1.0000;3.23;-3.14;25.76;22.62;0.200;1042.872;-5549.568;3087.248;6.02;0.000;28.667
149.10;984.575;-5560.817;3087.769;  58.197;1814.0;63.332;0.624;163.857;3037.550;  0.000;  0.000;1.0000;1.48;-2.82;25.45;22.63;0.200;1044.976;-5549.784;3087.769;6.01;0.000;28.668
150.10;986.291;-5561.123;3088.292;  58.975;1824.4;64.962;0.566;161.428;3052.130;  0.000;  0.000;1.0000;1.49;-2.54;25.18;22.64;0.200;1047.099;-5549.995;3088.292;6.00;0.000;28.670
151.10;988.019;-5561.423;3088.814;  59.749;1835.0;66.605;0.513;158.999;3066.780;  0.000;  0.000;1.0000;1.50;-2.42;24.91;22.49;0.200;1049.235;-5550.200;3088.814;6.00;0.000;28.671
152.10;989.759;-5561.717;3089.335;  60.520;1845.7;68.260;0.466;156.571;3081.501;  0.000;  0.000;1.0000;1.51;-2.31;24.64;22.33;0.200;1051.384;-5550.397;3089.335;6.00;0.000;28.673
153.10;991.513;-5562.004;3089.856;  61.288;1857.0;69.929;0.423;154.142;3097.355;  0.000;  0.000;1.0000;2.60;-2.20;24.38;22.18;0.200;1053.545;-5550.589;3089.856;6.00;0.000;28.675
154.10;993.284;-5562.286;3090.377;  62.055;1878.6;71.616;0.388;151.713;3122.916;  0.000;  0.000;1.0000;2.62;-2.08;24.10;22.02;0.200;1055.725;-5550.774;3090.377;6.00;0.000;28.676
155.10;995.079;-5562.563;3090.901;  62.822;1900.4;73.327;0.357;149.284;3148.693;  0.000;  0.000;1.0000;2.64;-1.97;23.83;21.87;0.200;1057.927;-5550.953;3090.901;6.00;0.000;28.678
156.10;996.897;-5562.834;3091.427;  63.591;1922.5;75.061;0.328;146.855;3174.689;  0.000;  0.000;1.0000;2.66;-1.86;23.56;21.71;0.200;1060.153;-5551.127;3091.427;6.00;0.000;28.679
157.10;998.739;-5563.101;3091.955;  64.360;1944.9;76.818;0.301;144.426;3200.908;  0.000;  0.000;1.0000;2.69;-1.75;23.30;21.56;0.200;1062.402;-5551.295;3091.955;6.00;0.000;28.681
158.10;1000.604;-5563.363;3092.486;  65.130;1967.5;78.599;0.276;141.997;3227.353;  0.000;  0.000;1.0000;2.71;-1.65;23.05;21.40;0.200;1064.675;-5551.458;3092.486;6.00;0.000;28.683
159.10;1002.493;-5563.619;3093.018;  65.900;1990.5;80.404;0.254;139.568;3254.030;  0.000;  0.000;1.0000;2.73;-1.55;22.79;21.25;0.200;1066.972;-5551.614;3093.018;6.00;0.000;28.684
160.10;1004.407;-5563.870;3093.554;  66.672;2013.7;82.233;0.233;137.140;3280.942;  0.000;  0.000;1.0000;2.76;-1.46;22.54;21.09;0.200;1069.293;-5551.765;3093.554;6.00;0.000;28.686
161.10;1006.344;-5564.116;3094.091;  67.444;2037.1;84.086;0.214;134.711;3308.092;  0.000;  0.000;1.0000;2.78;-1.37;22.30;20.94;0.200;1071.638;-5551.910;3094.091;6.00;0.000;28.688
162.10;1008.307;-5564.356;3094.631;  68.218;2060.9;85.964;0.196;132.282;3335.486;  0.000;  0.000;1.0000;2.81;-1.29;22.06;20.78;0.200;1074.008;-5552.049;3094.631;6.00;0.000;28.689
163.10;1010.294;-5564.591;3095.173;  68.992;2084.9;87.867;0.180;129.853;3363.128;  0.000;  0.000;1.0000;2.83;-1.21;21.82;20.63;0.200;1076.403;-5552.183;3095.173;6.00;0.000;28.691
164.10;1012.307;-5564.821;3095.718;  69.768;2109.2;89.795;0.165;127.424;3391.022;  0.000;  0.000;1.0000;2.86;-1.13;21.59;20.47;0.200;1078.823;-5552.310;3095.718;6.00;0.000;28.693
165.10;1014.345;-5565.045;3096.266;  70.544;2133.9;91.749;0.151;124.995;3419.172;  0.000;  0.000;1.0000;2.88;-1.06;21.36;20.32;0.200;1081.269;-5552.431;3096.266;6.00;0.000;28.695
166.10;1016.409;-5565.264;3096.815;  71.322;2158.8;93.728;0.139;122.566;3447.585;  0.000;  0.000;1.0000;2.91;-0.99;21.13;20.16;0.200;1083.740;-5552.545;3096.815;6.00;0.000;28.696
167.10;1018.498;-5565.477;3097.368;  72.101;2184.0;95.733;0.127;120.137;3476.264;  0.000;  0.000;1.0000;2.94;-0.93;20.91;20.01;0.200;1086.237;-5552.654;3097.368;6.00;0.000;28.698
168.10;1020.614;-5565.685;3097.923;  72.881;2209.5;97.764;0.117;117.709;3505.214;  0.000;  0.000;1.0000;2.97;-0.87;20.69;19.85;0.200;1088.760;-5552.756;3097.923;6.00;0.000;28.700
169.10;1022.757;-5565.886;3098.481;  73.662;2235.4;99.822;0.107;115.280;3534.441;  0.000;  0.000;1.0000;3.00;-0.82;20.47;19.70;0.200;1091.310;-5552.853;3098.481;6.00;0.000;28.702
170.10;1024.926;-5566.083;3099.041;  74.445;2261.5;101.906;0.098;112.851;3563.951;  0.000;  0.000;1.0000;3.02;-0.77;20.26;19.54;0.200;1093.887;-5552.942;3099.041;6.00;0.000;28.704
171.10;1027.123;-5566.273;3099.604;  75.229;2288.0;104.017;0.090;110.422;3593.748;  0.000;  0.000;1.0000;3.05;-0.72;20.05;19.39;0.200;1096.490;-5553.025;3099.604;6.00;0.000;28.706
172.10;1029.346;-5566.458;3100.170;  76.014;2314.8;106.156;0.082;107.993;3623.839;  0.000;  0.000;1.0000;3.08;-0.68;19.85;19.23;0.200;1099.121;-5553.102;3100.170;6.00;0.000;28.707
173.10;1031.598;-5566.636;3100.739;  76.801;2342.0;108.322;0.075;105.564;3654.228;  0.000;  0.000;1.0000;3.12;-0.64;19.65;19.08;0.200;1101.779;-5553.172;3100.739;6.00;0.000;28.709
174.10;1033.877;-5566.809;3101.310;  77.589;2369.4;110.516;0.069;103.135;3684.923;  0.000;  0.000;1.0000;3.15;-0.61;19.45;18.92;0.200;1104.466;-5553.236;3101.310;6.00;0.000;28.711
175.10;1036.185;-5566.976;3101.885;  78.379;2397.3;112.738;0.063;100.707;3715.929;  0.000;  0.000;1.0000;3.18;-0.58;19.25;18.77;0.200;1107.181;-5553.292;3101.885;6.00;0.000;28.713
176.10;1038.521;-5567.136;3102.462;  79.170;2425.4;114.989;0.058;98.278;3747.253;  0.000;  0.000;1.0000;3.21;-0.55;19.06;18.61;0.200;1109.924;-5553.342;3102.462;6.00;0.000;28.715
177.10;1040.887;-5567.291;3103.042;  79.963;2454.0;117.269;0.053;95.849;3778.901;  0.000;  0.000;1.0000;3.25;-0.53;18.87;18.46;0.200;1112.696;-5553.385;3103.042;6.00;0.000;28.717
178.10;1043.281;-5567.439;3103.626;  80.757;2482.8;119.577;0.049;93.420;3810.880;  0.000;  0.000;1.0000;3.28;-0.51;18.68;18.30;0.200;1115.497;-5553.422;3103.626;6.00;0.000;28.719
179.10;1045.706;-5567.582;3104.212;  81.554;2512.1;121.915;0.044;90.991;3843.197;  0.000;  0.000;1.0000;3.31;-0.50;18.50;18.15;0.200;1118.328;-5553.451;3104.212;6.00;0.000;28.721
180.10;1048.160;-5567.717;3104.801;  82.352;2541.7;124.283;0.041;88.562;3875.860;  0.000;  0.000;1.0000;3.35;-0.49;18.32;18.00;0.200;1121.189;-5553.473;3104.801;6.00;0.000;28.723
181.10;1050.644;-5567.847;3105.394;  83.152;2571.7;126.681;0.037;86.133;3908.875;  0.000;  0.000;1.0000;3.39;0.52;18.15;18.67;0.200;1124.080;-5553.488;3105.394;5.64;0.000;28.726
182.10;1053.159;-5567.971;3105.990;  83.954;2602.1;129.110;0.034;83.709;3942.188;  0.000;  0.000;0.9750;3.34;0.71;17.99;18.69;0.200;1127.001;-5553.496;3105.990;5.62;0.000;28.728
183.10;1055.704;-5568.088;3106.589;  84.759;2628.0;131.567;0.031;81.660;3970.634;  0.000;  0.000;0.7250;2.51;0.89;17.83;18.72;0.200;1129.952;-5553.498;3106.589;5.61;0.000;28.730
184.10;1058.270;-5568.200;3107.188;  85.562;2644.9;134.046;0.028;80.334;3989.172;  0.000;  0.000;0.0000;0.00;1.08;17.67;18.75;0.200;1132.924;-5553.492;3107.188;5.59;0.000;28.732
185.10;1060.843;-5568.304;3107.786;  86.361;2642.0;136.532;0.000;80.334;3989.172;  0.000;  0.000;0.0000;0.00;1.27;17.50;18.77;0.200;1135.903;-5553.479;3107.786;5.58;0.000;28.734
186.10;1063.414;-5568.400;3108.378;  87.151;2639.1;139.018;0.000;80.334;3989.172;  0.000;  0.000;0.0000;0.00;1.47;17.33;18.80;0.200;1138.881;-5553.457;3108.378;5.57;0.000;28.736
187.10;1065.984;-5568.488;3108.966;  87.933;2636.3;141.503;0.000;80.334;3989.172;  0.000;  0.000;0.0000;0.00;1.66;17.17;18.82;0.200;1141.856;-5553.427;3108.966;5.55;0.000;28.738
188.10;1068.552;-5568.569;3109.550;  88.707;2633.5;143.987;0.000;80.334;3989.172;  0.000;  0.000;0.0000;0.00;1.85;17.00;18.85;0.200;1144.830;-5553.389;3109.550;5.54;0.000;28.741
189.10;1071.119;-5568.641;3110.129;  89.472;2630.8;146.471;0.000;80.334;3989.172;  0.000;  0.000;0.0000;0.00;2.05;16.83;18.88;0.200;1147.803;-5553.343;3110.129;5.52;0.000;28.743
190.10;1073.684;-5568.706;3110.703;  90.230;2628.0;148.954;0.000;80.334;3989.172;  0.000;  0.000;0.0000;0.00;2.24;16.66;18.90;0.200;1150.773;-5553.289;3110.703;5.51;0.000;28.745
191.10;1076.247;-5568.763;3111.273;  90.979;2625.3;151.436;0.000;80.334;3989.172;  0.000;  0.000;0.0000;0.00;2.44;16.49;18.93;0.200;1153.742;-5553.226;3111.273;5.50;0.000;28.747
192.10;1078.809;-5568.813;3111.838;  91.720;2622.6;153.918;0.000;80.334;3989.172;  0.000;  0.000;0.0000;0.00;2.63;16.32;18.95;0.200;1156.709;-5553.155;3111.838;5.48;0.000;28.749
193.10;1081.369;-5568.854;3112.399;  92.453;2620.0;156.399;0.000;80.334;3989.172;  0.000;  0.000;0.0000;0.00;2.83;16.15;18.98;0.200;1159.675;-5553.077;3112.399;5.47;0.000;28.751
194.10;1083.928;-5568.888;3112.955;  93.177;2617.3;158.879;0.000;80.334;3989.172;  0.000;  0.000;0.0000;0.00;3.81;15.98;19.79;0.200;1162.639;-5552.990;3112.955;5.47;0.000;28.753
195.10;1086.485;-5568.914;3113.506;  93.894;2614.7;161.358;0.000;80.334;3989.172;  0.000;  0.000;0.0000;0.00;19.78;15.81;35.59;0.200;1165.601;-5552.894;3113.506;5.88;0.000;28.755
196.10;1089.040;-5568.932;3114.053;  94.602;2612.2;163.837;0.000;80.334;3989.172;  0.000;  0.000;0.0000;0.00;35.75;15.64;51.38;0.200;1168.561;-5552.791;3114.053;6.50;0.000;28.757
197.10;1091.594;-5568.943;3114.595;  95.302;2609.6;166.316;0.000;80.334;3989.172;  0.000;  0.000;0.0000;0.00;51.72;15.47;67.17;0.200;1171.520;-5552.679;3114.595;7.79;0.000;28.760
198.10;1094.147;-5568.945;3115.133;  95.994;2607.1;168.793;0.000;80.334;3989.172;  0.000;  0.000;0.0000;0.00;67.69;15.30;82.90;0.200;1174.477;-5552.560;3115.133;14.32;0.000;28.762
199.10;1096.697;-5568.940;3115.666;  96.677;2604.6;171.271;0.000;80.334;3989.172;  0.000;  0.000;0.0000;0.00;83.66;15.13;81.13;0.200;1177.432;-5552.432;3115.666;177.68;0.000;28.764
200.10;1099.246;-5568.927;3116.194;  97.353;2602.2;173.747;0.000;80.334;3989.172;  0.000;  0.000;0.0000;0.00;-80.37;14.96;65.38;0.200;1180.386;-5552.296;3116.194;-177.45;0.000;28.766
201.10;1101.794;-5568.906;3116.718;  98.020;2599.7;176.223;0.000;80.334;3989.172;  0.000;  0.000;0.0000;0.00;-64.39;14.78;49.59;0.200;1183.337;-5552.152;3116.718;-176.29;0.000;28.768
202.10;1104.340;-5568.878;3117.238;  98.679;2597.3;178.698;0.000;80.334;3989.172;  0.000;  0.000;0.0000;0.00;-48.42;14.61;33.80;0.200;1186.287;-5551.999;3117.238;-175.71;0.000;28.770
203.10;1106.884;-5568.841;3117.753;  99.330;2594.9;181.173;0.000;80.334;3989.172;  0.000;  0.000;0.0000;0.00;-32.45;14.44;18.01;0.200;1189.236;-5551.839;3117.753;-175.31;0.000;28.772
204.10;1109.426;-5568.797;3118.263;  99.973;2592.2;183.647;0.000;80.310;3989.883;  0.000;  0.000;0.9200;0.73;-17.27;14.27;3.00;0.200;1192.182;-5551.670;3118.263;-175.00;0.000;28.774
205.10;1111.964;-5568.747;3118.768; 100.607;2583.1;186.117;0.000;80.061;3997.009;  0.000;  0.000;0.9200;0.73;-16.86;14.14;2.71;0.200;1195.123;-5551.495;3118.768;-175.16;0.000;28.776
206.10;1114.492;-5568.690;3119.269; 101.234;2573.2;188.579;0.000;79.761;4005.652;  0.000;  0.000;0.9500;2.26;-16.71;14.02;2.69;0.200;1198.055;-5551.313;3119.269;-175.17;0.000;28.778
207.10;1117.004;-5568.630;3119.764; 101.854;2549.7;191.025;0.000;78.992;4027.895;  0.000;  0.000;0.9500;2.28;-16.65;13.98;2.66;0.200;1200.971;-5551.128;3119.764;-175.19;0.000;28.780
208.10;1119.493;-5568.569;3120.253; 102.466;2525.9;193.448;0.000;78.223;4050.301;  0.000;  0.000;0.9500;2.29;-16.59;13.95;2.64;0.200;1203.863;-5550.941;3120.253;-175.20;0.000;28.782
209.10;1121.958;-5568.506;3120.737; 103.071;2502.0;195.849;0.000;77.454;4072.873;  0.000;  0.000;0.9500;2.31;-16.53;13.91;2.61;0.200;1206.732;-5550.753;3120.737;-175.21;0.000;28.784
210.10;1124.401;-5568.441;3121.215; 103.669;2477.9;198.227;0.000;76.684;4095.613;  0.000;  0.000;0.9500;2.33;-16.47;13.88;2.59;0.200;1209.578;-5550.563;3121.215;-175.23;0.000;28.786
211.10;1126.819;-5568.375;3121.687; 104.260;2453.7;200.582;0.000;75.915;4118.523;  0.000;  0.000;0.9500;2.35;-16.41;13.85;2.56;0.200;1212.400;-5550.371;3121.687;-175.24;0.000;28.788
212.10;1129.214;-5568.308;3122.154; 104.843;2429.3;202.914;0.000;75.146;4141.606;  0.000;  0.000;0.9500;2.36;-16.35;13.81;2.54;0.200;1215.198;-5550.178;3122.154;-175.25;0.000;28.789
213.10;1131.585;-5568.239;3122.615; 105.419;2404.8;205.222;0.000;74.377;4164.865;  0.000;  0.000;0.9500;2.38;-16.29;13.78;2.51;0.200;1217.973;-5549.984;3122.615;-175.27;0.000;28.791
214.10;1133.932;-5568.168;3123.070; 105.988;2380.0;207.508;0.000;73.608;4188.302;  0.000;  0.000;0.9500;2.40;-16.23;13.74;2.49;0.200;1220.723;-5549.788;3123.070;-175.28;0.000;28.793
215.10;1136.255;-5568.097;3123.519; 106.549;2355.1;209.769;0.000;72.839;4211.920;  0.000;  0.000;0.9500;2.42;-16.17;13.71;2.46;0.200;1223.449;-5549.591;3123.519;-175.29;0.000;28.795
216.10;1138.554;-5568.024;3123.962; 107.104;2330.0;212.007;0.000;72.070;4235.722;  0.000;  0.000;0.9500;2.44;-16.12;13.67;2.44;0.200;1226.151;-5549.393;3123.962;-175.31;0.000;28.797
217.10;1140.828;-5567.950;3124.400; 107.650;2304.8;214.221;0.000;71.300;4259.711;  0.000;  0.000;0.9500;2.46;-16.06;13.64;2.42;0.200;1228.828;-5549.193;3124.400;-175.32;0.000;28.798
218.10;1143.077;-5567.875;3124.832; 108.190;2279.3;216.411;0.000;70.531;4283.890;  0.000;  0.000;0.9500;2.48;-16.00;13.60;2.39;0.200;1231.480;-5548.993;3124.832;-175.33;0.000;28.800
219.10;1145.301;-5567.798;3125.258; 108.722;2253.7;218.577;0.000;69.762;4308.261;  0.000;  0.000;0.9500;2.50;-15.94;13.56;2.37;0.200;1234.108;-5548.791;3125.258;-175.35;0.000;28.802
220.10;1147.500;-5567.721;3125.678; 109.246;2227.8;220.718;0.000;68.993;4332.828;  0.000;  0.000;0.9500;2.52;-15.88;13.53;2.35;0.200;1236.710;-5548.588;3125.678;-175.36;0.000;28.804
221.10;1149.673;-5567.642;3126.093; 109.764;2201.8;222.835;0.000;68.224;4357.594;  0.000;  0.000;0.9500;2.54;-15.82;13.49;2.32;0.200;1239.286;-5548.384;3126.093;-175.37;0.000;28.805
222.10;1151.822;-5567.563;3126.501; 110.273;2175.6;224.927;0.000;67.455;4382.563;  0.000;  0.000;0.9500;2.56;-15.76;13.45;2.30;0.200;1241.838;-5548.180;3126.501;-175.38;0.000;28.807
223.10;1153.944;-5567.483;3126.904; 110.776;2149.2;226.993;0.000;66.686;4407.737;  0.000;  0.000;0.9500;2.58;-15.70;13.42;2.28;0.200;1244.363;-5547.974;3126.904;-175.39;0.000;28.809
224.10;1156.040;-5567.401;3127.301; 111.270;2122.6;229.035;0.000;65.916;4433.120;  0.000;  0.000;0.9500;2.60;-15.64;13.38;2.26;0.200;1246.862;-5547.768;3127.301;-175.41;0.000;28.810
225.10;1158.111;-5567.319;3127.692; 111.758;2095.8;231.051;0.000;65.147;4458.716;  0.000;  0.000;0.9500;2.62;-15.58;13.34;2.24;0.200;1249.336;-5547.561;3127.692;-175.42;0.000;28.812
226.10;1160.155;-5567.237;3128.077; 112.237;2068.7;233.042;0.000;64.378;4484.527;  0.000;  0.000;0.9500;2.64;-15.53;13.31;2.21;0.200;1251.783;-5547.354;3128.077;-175.43;0.000;28.813
227.10;1162.172;-5567.153;3128.456; 112.709;2041.5;235.007;0.000;63.609;4510.559;  0.000;  0.000;0.9500;2.67;-15.47;13.27;2.19;0.200;1254.203;-5547.146;3128.456;-175.44;0.000;28.815
228.10;1164.163;-5567.069;3128.830; 113.174;2014.1;236.946;0.000;62.840;4536.814;  0.000;  0.000;0.9500;2.69;-15.41;13.23;2.17;0.200;1256.596;-5546.937;3128.830;-175.45;0.000;28.816
229.10;1166.126;-5566.984;3129.197; 113.631;1986.4;238.858;0.000;62.071;4563.297;  0.000;  0.000;0.9500;2.71;-15.35;13.19;2.15;0.200;1258.963;-5546.728;3129.197;-175.47;0.000;28.818
230.10;1168.063;-5566.899;3129.559; 114.080;1958.5;240.744;0.000;61.302;4590.011;  0.000;  0.000;0.9500;2.74;-15.29;13.16;2.13;0.200;1261.302;-5546.518;3129.559;-175.48;0.000;28.819
231.10;1169.972;-5566.814;3129.914; 114.522;1930.4;242.604;0.000;60.532;4616.960;  0.000;  0.000;0.9500;2.76;-15.23;13.12;2.11;0.200;1263.614;-5546.309;3129.914;-175.49;0.000;28.821
232.10;1171.853;-5566.728;3130.264; 114.956;1902.0;244.437;0.000;59.763;4644.149;  0.000;  0.000;0.9500;2.79;-15.18;13.08;2.09;0.200;1265.898;-5546.099;3130.264;-175.50;0.000;28.822
233.10;1173.707;-5566.641;3130.608; 115.383;1873.4;246.242;0.000;58.994;4671.583;  0.000;  0.000;0.9500;2.81;-15.12;13.04;2.07;0.200;1268.154;-5545.889;3130.608;-175.51;0.000;28.823
234.10;1175.532;-5566.555;3130.945; 115.801;1844.6;248.020;0.000;58.225;4699.264;  0.000;  0.000;0.9500;2.84;-15.06;13.01;2.05;0.200;1270.382;-5545.678;3130.945;-175.52;0.000;28.825
235.10;1177.329;-5566.468;3131.277; 116.212;1815.5;249.771;0.000;57.456;4727.199;  0.000;  0.000;0.9500;2.86;-15.00;12.97;2.03;0.200;1272.581;-5545.468;3131.277;-175.53;0.000;28.826
236.10;1179.097;-5566.381;3131.603; 116.616;1786.2;251.494;0.000;56.687;4755.391;  0.000;  0.000;0.9500;2.89;-14.95;12.93;2.01;0.200;1274.752;-5545.258;3131.603;-175.54;0.000;28.828
237.10;1180.836;-5566.294;3131.923; 117.011;1756.6;253.189;0.000;55.918;4783.846;  0.000;  0.000;0.9500;2.92;-14.89;12.89;1.99;0.200;1276.894;-5545.048;3131.923;-175.55;0.000;28.829
238.10;1182.547;-5566.207;3132.237; 117.399;1726.7;254.855;0.000;55.148;4812.568;  0.000;  0.000;0.9500;2.94;-14.84;12.85;1.97;0.200;1279.007;-5544.838;3132.237;-175.56;0.000;28.830
239.10;1184.227;-5566.120;3132.544; 117.779;1696.6;256.493;0.000;54.379;4841.562;  0.000;  0.000;0.9500;2.97;-14.78;12.82;1.96;0.200;1281.090;-5544.628;3132.544;-175.57;0.000;28.831
240.10;1185.879;-5566.033;3132.846; 118.151;1666.3;258.103;0.000;53.610;4870.834;  0.000;  0.000;0.9500;3.00;-14.72;12.78;1.94;0.200;1283.144;-5544.419;3132.846;-175.58;0.000;28.833
241.10;1187.500;-5565.946;3133.142; 118.516;1635.6;259.683;0.000;52.841;4900.389;  0.000;  0.000;0.9500;3.03;-14.67;12.74;1.92;0.200;1285.168;-5544.210;3133.142;-175.59;0.000;28.834
242.10;1189.091;-5565.859;3133.431; 118.873;1604.7;261.234;0.000;52.072;4930.233;  0.000;  0.000;0.9500;3.06;-14.61;12.70;1.90;0.200;1287.161;-5544.002;3133.431;-175.60;0.000;28.835
243.10;1190.651;-5565.773;3133.715; 119.221;1573.5;262.755;0.000;51.303;4960.371;  0.000;  0.000;0.9500;3.09;-14.56;12.67;1.89;0.200;1289.124;-5543.794;3133.715;-175.61;0.000;28.836
244.10;1192.181;-5565.688;3133.992; 119.562;1542.0;264.246;0.000;50.534;4990.808;  0.000;  0.000;0.9500;3.12;-14.51;12.63;1.87;0.200;1291.056;-5543.587;3133.992;-175.62;0.000;28.837
245.10;1193.679;-5565.603;3134.263; 119.895;1510.2;265.707;0.000;49.764;5021.552;  0.000;  0.000;0.9500;3.15;-14.45;12.59;1.85;0.200;1292.957;-5543.381;3134.263;-175.63;0.000;28.838
246.10;1195.146;-5565.518;3134.528; 120.220;1478.1;267.138;0.000;48.995;5052.609;  0.000;  0.000;0.9500;3.18;-14.40;12.56;1.84;0.200;1294.827;-5543.176;3134.528;-175.64;0.000;28.839
247.10;1196.582;-5565.434;3134.787; 120.538;1445.6;268.537;0.000;48.226;5083.984;  0.000;  0.000;0.9500;3.22;-14.35;12.52;1.82;0.200;1296.665;-5542.972;3134.787;-175.65;0.000;28.841
248.10;1197.985;-5565.351;3135.040; 120.847;1412.9;269.906;0.000;47.457;5115.684;  0.000;  0.000;0.9500;3.25;-14.30;12.49;1.80;0.200;1298.471;-5542.769;3135.040;-175.66;0.000;28.842
249.10;1199.357;-5565.269;3135.287; 121.148;1379.9;271.243;0.000;46.688;5147.717;  0.000;  0.000;0.9500;3.28;-14.25;12.45;1.79;0.200;1300.244;-5542.567;3135.287;-175.67;0.000;28.843
250.10;1200.695;-5565.187;3135.527; 121.442;1346.5;272.549;0.000;45.919;5180.089;  0.000;  0.000;0.9500;3.32;-14.20;12.42;1.77;0.200;1301.985;-5542.366;3135.527;-175.67;0.000;28.844
251.10;1202.001;-5565.107;3135.762; 121.727;1312.8;273.823;0.000;45.150;5212.807;  0.000;  0.000;0.9500;3.36;-14.16;12.39;1.76;0.200;1303.693;-5542.167;3135.762;-175.68;0.000;28.845
252.10;1203.273;-5565.027;3135.990; 122.004;1278.7;275.064;0.000;44.380;5245.879;  0.000;  0.000;0.9500;3.39;-14.11;12.36;1.74;0.200;1305.368;-5541.969;3135.990;-175.69;0.000;28.846
253.10;1204.511;-5564.949;3136.211; 122.274;1244.3;276.272;0.000;43.611;5279.313;  0.000;  0.000;0.9500;3.43;-14.07;12.33;1.73;0.200;1307.009;-5541.773;3136.211;-175.70;0.000;28.846
254.10;1205.716;-5564.872;3136.427; 122.535;1209.5;277.447;0.000;42.842;5313.117;  0.000;  0.000;0.9500;3.47;-14.02;12.30;1.71;0.200;1308.616;-5541.578;3136.427;-175.71;0.000;28.847
255.10;1206.886;-5564.797;3136.636; 122.789;1174.4;278.589;0.000;42.073;5347.299;  0.000;  0.000;0.9500;3.51;-13.98;12.27;1.70;0.200;1310.189;-5541.386;3136.636;-175.71;0.000;28.848
256.10;1208.021;-5564.723;3136.839; 123.034;1138.9;279.697;0.000;41.304;5381.867;  0.000;  0.000;0.9500;3.55;-13.95;12.25;1.69;0.200;1311.727;-5541.195;3136.839;-175.72;0.000;28.849
257.10;1209.122;-5564.650;3137.035; 123.271;1103.0;280.771;0.000;40.535;5416.830;  0.000;  0.000;0.9500;3.59;-13.91;12.22;1.67;0.200;1313.229;-5541.006;3137.035;-175.73;0.000;28.850
258.10;1210.186;-5564.579;3137.226; 123.501;1066.7;281.810;0.000;39.766;5452.198;  0.000;  0.000;0.9500;3.63;-13.88;12.20;1.66;0.200;1314.697;-5540.819;3137.226;-175.74;0.000;28.851
259.10;1211.215;-5564.510;3137.409; 123.722;1030.0;282.815;0.000;38.996;5487.980;  0.000;  0.000;0.9500;3.67;-13.85;12.18;1.65;0.200;1316.128;-5540.635;3137.409;-175.74;0.000;28.851
260.10;1212.208;-5564.443;3137.587; 123.935; 992.9;283.784;0.000;38.227;5524.186;  0.000;  0.000;0.9500;3.71;-13.82;12.17;1.63;0.200;1317.523;-5540.453;3137.587;-175.75;0.000;28.852
261.10;1213.164;-5564.378;3137.758; 124.140; 955.3;284.717;0.000;37.458;5560.826;  0.000;  0.000;0.9500;3.76;-13.80;12.16;1.62;0.200;1318.882;-5540.274;3137.758;-175.76;0.000;28.853
262.10;1214.082;-5564.315;3137.923; 124.337; 917.4;285.614;0.000;36.689;5597.910;  0.000;  0.000;0.9500;3.81;-13.78;12.15;1.61;0.200;1320.203;-5540.097;3137.923;-175.76;0.000;28.854
263.10;1214.963;-5564.254;3138.081; 124.526; 879.0;286.474;0.000;35.920;5635.450;  0.000;  0.000;0.9500;3.85;-13.77;12.15;1.60;0.200;1321.487;-5539.923;3138.081;-175.77;0.000;28.854
264.10;1215.806;-5564.195;3138.232; 124.706; 840.1;287.298;0.000;35.151;5673.457;  0.000;  0.000;0.9500;3.90;-13.76;12.15;1.59;0.200;1322.732;-5539.752;3138.232;-175.77;0.000;28.855
265.10;1216.611;-5564.139;3138.378; 124.879; 800.8;288.083;0.000;34.382;5711.942;  0.000;  0.000;0.9500;3.95;-13.76;12.16;1.58;0.200;1323.940;-5539.583;3138.377;-175.78;0.000;28.856
266.10;1217.377;-5564.086;3138.516; 125.043; 761.0;288.831;0.000;33.612;5750.917;  0.000;  0.000;0.9500;4.00;-13.77;12.18;1.57;0.206;1325.108;-5539.419;3138.516;-175.79;0.000;28.856
267.10;1218.103;-5564.035;3138.648; 125.199; 720.7;289.540;0.000;32.843;5790.396;  0.000;  0.000;0.9500;4.05;-13.80;12.21;1.56;0.235;1326.237;-5539.257;3138.648;-175.79;0.000;28.857
268.10;1218.789;-5563.987;3138.774; 125.348; 679.9;290.211;0.000;32.074;5830.392;  0.000;  0.000;0.9500;4.11;-13.83;12.25;1.55;0.268;1327.326;-5539.099;3138.774;-175.80;0.000;28.857
269.10;1219.435;-5563.942;3138.893; 125.487; 638.6;290.841;0.000;31.305;5870.917;  0.000;  0.000;0.9500;4.16;-13.88;12.30;1.54;0.306;1328.375;-5538.944;3138.893;-175.80;0.000;28.858
270.10;1220.040;-5563.900;3139.005; 125.619; 596.7;291.432;0.000;30.536;5911.987;  0.000;  0.000;0.9500;4.22;-13.95;12.37;1.53;0.347;1329.383;-5538.794;3139.005;-175.81;0.000;28.858
271.10;1220.603;-5563.861;3139.111; 125.743; 554.4;291.982;0.000;29.767;5953.617;  0.000;  0.000;0.9500;4.27;-14.04;12.47;1.52;0.392;1330.349;-5538.647;3139.111;-175.81;0.000;28.859
272.10;1221.125;-5563.826;3139.209; 125.858; 511.4;292.491;0.000;28.998;5995.821;  0.000;  0.000;0.9500;4.33;-14.17;12.60;1.51;0.437;1331.274;-5538.504;3139.209;-175.82;0.000;28.859
273.10;1221.604;-5563.794;3139.302; 125.965; 467.9;292.959;0.000;28.228;6038.616;  0.000;  0.000;0.9500;4.40;-14.34;12.76;1.50;0.474;1332.156;-5538.366;3139.302;-175.82;0.000;28.860
274.10;1222.039;-5563.766;3139.387; 126.065; 423.9;293.384;0.000;27.459;6082.019;  0.000;  0.000;0.9500;4.46;-14.56;12.98;1.50;0.495;1332.995;-5538.232;3139.387;-175.82;0.000;28.860
275.10;1222.431;-5563.742;3139.466; 126.155; 379.2;293.767;0.000;26.690;6126.046;  0.000;  0.000;0.9500;4.52;-14.86;13.27;1.49;0.489;1333.790;-5538.103;3139.466;-175.83;0.000;28.860
276.10;1222.779;-5563.722;3139.538; 126.238; 333.9;294.105;0.000;25.921;6170.717;  0.000;  0.000;0.9500;4.59;-15.27;13.66;1.48;0.448;1334.541;-5537.978;3139.538;-175.83;0.000;28.861
277.10;1223.081;-5563.706;3139.603; 126.313; 289.5;294.400;0.000;25.203;6213.008;  0.000;  0.000;0.9500;1.55;-15.77;14.12;1.48;0.375;1335.247;-5537.859;3139.603;-175.84;0.000;28.861
278.10;1223.355;-5563.689;3139.662; 126.379; 273.3;294.668;0.000;24.972;6226.726;  0.000;  0.000;0.0000;0.00;-14.71;13.04;1.47;0.342;1335.924;-5537.739;3139.662;-175.84;0.000;28.861
279.10;1223.621;-5563.666;3139.716; 126.435; 271.3;294.929;0.000;24.972;6226.726;  0.000;  0.000;0.0000;0.00;-12.81;11.11;1.47;0.338;1336.593;-5537.614;3139.716;-175.84;0.000;28.861
280.10;1223.885;-5563.636;3139.765; 126.483; 269.7;295.190;0.000;24.972;6226.726;  0.000;  0.000;0.0000;0.00;-10.90;9.17;1.46;0.335;1337.260;-5537.480;3139.765;-175.85;0.000;28.862
281.10;1224.147;-5563.597;3139.810; 126.521; 268.3;295.450;0.000;24.972;6226.726;  0.000;  0.000;0.0000;0.00;-8.98;7.19;1.45;0.332;1337.926;-5537.339;3139.810;-175.85;0.000;28.862
282.10;1224.408;-5563.550;3139.851; 126.550; 267.3;295.711;0.000;24.972;6226.726;  0.000;  0.000;0.0000;0.00;-0.00;5.21;-5.21;0.330;1338.589;-5537.189;3139.851;-173.44;0.000;28.862
283.10;1224.667;-5563.496;3139.887; 126.569; 266.6;295.972;0.000;24.972;6226.726;  0.000;  0.000;0.0000;0.00;-0.00;3.21;-3.21;0.329;1339.250;-5537.032;3139.887;-173.45;0.000;28.863
284.10;1224.924;-5563.433;3139.918; 126.579; 266.3;296.233;0.000;24.972;6226.726;  0.000;  0.000;0.0000;0.00;0.00;1.20;-1.20;0.328;1339.910;-5536.866;3139.918;-173.46;0.000;28.863
285.10;1225.179;-5563.363;3139.945; 126.580; 266.2;296.494;0.000;24.972;6226.726;  0.000;  0.000;0.0000;0.00;-0.00;-0.82;0.82;0.958;1340.567;-5536.692;3139.945;-173.47;0.000;28.863
286.10;1225.433;-5563.284;3139.968; 126.571; 266.5;296.755;0.000;24.972;6226.726;  0.000;  0.000;0.0000;0.00;-0.00;-2.83;2.83;0.958;1341.223;-5536.511;3139.968;-173.47;0.000;28.863
287.10;1225.684;-5563.197;3139.985; 126.553; 267.2;297.016;0.000;24.972;6226.726;  0.000;  0.000;0.0000;0.00;-0.00;-4.83;4.83;0.960;1341.876;-5536.321;3139.985;-173.48;0.000;28.864
288.10;1225.934;-5563.103;3139.999; 126.525; 268.1;297.277;0.000;24.972;6226.726;  0.000;  0.000;0.0000;0.00;-0.00;-6.82;6.82;0.962;1342.528;-5536.123;3139.999;-173.49;0.000;28.864
289.10;1226.183;-5563.000;3140.007; 126.489; 269.4;297.538;0.000;24.972;6226.726;  0.000;  0.000;0.0000;0.00;-0.00;-8.79;8.79;0.965;1343.178;-5535.918;3140.007;-173.50;0.000;28.864
290.10;1226.429;-5562.890;3140.011; 126.443; 271.0;297.799;0.000;24.972;6226.726;  0.000;  0.000;0.0000;0.00;-0.00;-10.75;10.75;0.969;1343.826;-5535.704;3140.011;-173.51;0.000;28.864
291.10;1226.674;-5562.771;3140.011; 126.387; 272.9;298.060;0.000;24.972;6226.726;  0.000;  0.000;0.0000;0.00;-0.00;-12.68;12.68;0.974;1344.472;-5535.482;3140.011;-173.52;0.000;28.865
292.10;1226.917;-5562.645;3140.006; 126.322; 275.1;298.321;0.000;24.972;6226.726;  0.000;  0.000;0.0000;0.00;-0.00;-14.58;14.58;0.979;1345.115;-5535.252;3140.006;-173.53;0.000;28.865
293.10;1227.158;-5562.510;3139.996; 126.248; 277.6;298.582;0.000;24.972;6226.726;  0.000;  0.000;0.0000;0.00;-0.00;-16.44;16.44;0.985;1345.757;-5535.015;3139.996;-173.53;0.000;28.865
294.10;1227.398;-5562.368;3139.982; 126.165; 280.4;298.843;0.000;24.972;6226.726;  0.000;  0.000;0.0000;0.00;-0.00;-18.28;18.28;0.992;1346.397;-5534.769;3139.982;-173.54;0.000;28.865
295.10;1227.635;-5562.217;3139.964; 126.072; 283.5;299.104;0.000;24.972;6226.726;  0.000;  0.000;0.0000;0.00;-0.00;-20.07;20.07;0.999;1347.035;-5534.515;3139.964;-173.55;0.000;28.866
296.10;1227.871;-5562.058;3139.941; 125.970; 286.9;299.365;0.000;24.972;6226.726;  0.000;  0.000;0.0000;0.00;-0.00;-21.82;21.82;1.007;1347.672;-5534.253;3139.941;-173.56;0.000;28.866
297.10;1228.105;-5561.892;3139.913; 125.858; 290.5;299.626;0.000;24.972;6226.726;  0.000;  0.000;0.0000;0.00;-0.00;-23.53;23.53;1.016;1348.306;-5533.983;3139.913;-173.57;0.000;28.866
298.10;1228.338;-5561.717;3139.881; 125.737; 294.4;299.887;0.000;24.972;6226.726;  0.000;  0.000;0.0000;0.00;-0.00;-25.20;25.20;1.025;1348.938;-5533.706;3139.881;-173.58;0.000;28.867
299.10;1228.569;-5561.535;3139.844; 125.607; 298.5;300.148;0.000;24.972;6226.726;  0.000;  0.000;0.0000;0.00;-0.00;-26.82;26.82;1.035;1349.568;-5533.420;3139.844;-173.59;0.000;28.867
300.10;1228.798;-5561.344;3139.802; 125.467; 302.8;300.409;0.000;24.972;6226.726;  0.000;  0.000;0.0000;0.00;-0.00;-28.40;28.40;1.046;1350.196;-5533.126;3139.802;-173.60;0.000;28.867
301.10;1229.025;-5561.146;3139.757; 125.318; 307.4;300.670;0.000;24.972;6226.726;  0.000;  0.000;0.0000;0.00;-0.00;-29.93;29.93;1.056;1350.823;-5532.824;3139.757;-173.60;0.000;28.867
302.10;1229.250;-5560.939;3139.706; 125.160; 312.2;300.931;0.000;24.972;6226.726;  0.000;  0.000;0.0000;0.00;-0.00;-31.42;31.42;1.068;1351.447;-5532.514;3139.706;-173.61;0.000;28.868
303.10;1229.474;-5560.725;3139.651; 124.992; 317.2;301.193;0.000;24.972;6226.726;  0.000;  0.000;0.0000;0.00;-0.00;-32.86;32.86;1.079;1352.069;-5532.196;3139.651;-173.62;0.000;28.868
304.10;1229.696;-5560.503;3139.591; 124.815; 322.4;301.454;0.000;24.972;6226.726;  0.000;  0.000;0.0000;0.00;-0.00;-34.25;34.25;1.091;1352.690;-5531.870;3139.591;-173.63;0.000;28.868
305.10;1229.917;-5560.272;3139.527; 124.629; 327.8;301.715;0.000;24.972;6226.726;  0.000;  0.000;0.0000;0.00;-0.00;-35.60;35.60;1.104;1353.308;-5531.536;3139.527;-173.64;0.000;28.868
306.10;1230.135;-5560.034;3139.459; 124.433; 333.3;301.976;0.000;24.972;6226.726;  0.000;  0.000;0.0000;0.00;0.00;-36.91;36.91;1.116;1353.925;-5531.194;3139.459;-173.65;0.000;28.869
307.10;1230.352;-5559.787;3139.386; 124.228; 339.1;302.238;0.000;24.972;6226.726;  0.000;  0.000;0.0000;0.00;-0.00;-38.17;38.17;1.129;1354.539;-5530.844;3139.386;-173.66;0.000;28.869
308.10;1230.567;-5559.533;3139.308; 124.014; 344.9;302.499;0.000;24.972;6226.726;  0.000;  0.000;0.0000;0.00;0.00;-39.38;39.38;1.142;1355.152;-5530.486;3139.308;-173.67;0.000;28.869
309.10;1230.780;-5559.270;3139.225; 123.790; 351.0;302.761;0.000;24.972;6226.726;  0.000;  0.000;0.0000;0.00;-0.00;-40.56;40.56;1.156;1355.763;-5530.120;3139.225;-173.68;0.000;28.869
310.10;1230.992;-5559.000;3139.139; 123.557; 357.2;303.022;0.000;24.972;6226.726;  0.000;  0.000;0.0000;0.00;-0.00;-41.70;41.70;1.169;1356.371;-5529.746;3139.139;-173.69;0.000;28.870
311.10;1231.202;-5558.721;3139.047; 123.314; 363.5;303.284;0.000;24.972;6226.726;  0.000;  0.000;0.0000;0.00;-0.00;-42.80;42.80;1.183;1356.978;-5529.364;3139.047;-173.69;0.000;28.870
312.10;1231.410;-5558.435;3138.951; 123.063; 369.9;303.545;0.000;24.972;6226.726;  0.000;  0.000;0.0000;0.00;0.00;-43.85;43.85;1.197;1357.583;-5528.974;3138.951;-173.70;0.000;28.870
313.10;1231.616;-5558.140;3138.851; 122.801; 376.5;303.807;0.000;24.972;6226.726;  0.000;  0.000;0.0000;0.00;0.00;-44.88;44.88;1.211;1358.186;-5528.576;3138.851;-173.71;0.000;28.870
314.10;1231.821;-5557.838;3138.746; 122.531; 383.2;304.069;0.000;24.972;6226.726;  0.000;  0.000;0.0000;0.00;-0.00;-45.86;45.86;1.224;1358.786;-5528.169;3138.746;-173.72;0.000;28.871
315.10;1232.024;-5557.527;3138.636; 122.251; 390.0;304.330;0.000;24.972;6226.726;  0.000;  0.000;0.0000;0.00;0.00;-46.82;46.82;1.238;1359.385;-5527.755;3138.636;-173.73;0.000;28.871
316.10;1232.225;-5557.209;3138.522; 121.962; 396.9;304.592;0.000;24.972;6226.726;  0.000;  0.000;0.0000;0.00;-0.00;-47.74;47.74;1.252;1359.982;-5527.333;3138.522;-173.74;0.000;28.871
317.10;1232.424;-5556.882;3138.403; 121.663; 403.9;304.854;0.000;24.972;6226.726;  0.000;  0.000;0.0000;0.00;-0.00;-48.63;48.63;1.266;1360.577;-5526.903;3138.403;-173.75;0.000;28.871
318.10;1232.622;-5556.548;3138.280; 121.355; 411.0;305.116;0.000;24.972;6226.726;  0.000;  0.000;0.0000;0.00;-0.00;-49.48;49.48;1.279;1361.170;-5526.465;3138.280;-173.76;0.000;28.872
319.10;1232.818;-5556.205;3138.152; 121.037; 418.2;305.378;0.000;24.972;6226.726;  0.000;  0.000;0.0000;0.00;-0.00;-50.31;50.31;1.293;1361.761;-5526.018;3138.152;-173.77;0.000;28.872
320.10;1233.012;-5555.855;3138.019; 120.711; 425.5;305.640;0.000;24.972;6226.726;  0.000;  0.000;0.0000;0.00;-0.00;-51.11;51.11;1.306;1362.350;-5525.564;3138.019;-173.78;0.000;28.872
321.10;1233.205;-5555.496;3137.882; 120.375; 432.9;305.902;0.000;24.972;6226.726;  0.000;  0.000;0.0000;0.00;-0.00;-51.88;51.88;1.319;1362.937;-5525.102;3137.882;-173.79;0.000;28.872
322.10;1233.395;-5555.130;3137.741; 120.029; 440.3;306.164;0.000;24.972;6226.726;  0.000;  0.000;0.0000;0.00;0.00;-52.63;52.63;1.332;1363.522;-5524.631;3137.741;-173.80;0.000;28.873
323.10;1233.584;-5554.755;3137.595; 119.674; 447.8;306.427;0.000;24.972;6226.726;  0.000;  0.000;0.0000;0.00;-0.00;-53.35;53.35;1.345;1364.105;-5524.153;3137.595;-173.81;0.000;28.873
324.10;1233.772;-5554.372;3137.444; 119.310; 455.4;306.689;0.000;24.972;6226.726;  0.000;  0.000;0.0000;0.00;-0.00;-54.05;54.05;1.358;1364.686;-5523.667;3137.444;-173.82;0.000;28.873
325.10;1233.957;-5553.982;3137.289; 118.936; 463.1;306.951;0.000;24.972;6226.726;  0.000;  0.000;0.0000;0.00;-0.00;-54.72;54.72;1.370;1365.265;-5523.172;3137.289;-173.83;0.000;28.873
326.10;1234.141;-5553.583;3137.129; 118.553; 470.8;307.214;0.000;24.972;6226.726;  0.000;  0.000;0.0000;0.00;-0.00;-55.38;55.38;1.382;1365.842;-5522.670;3137.129;-173.84;0.000;28.874
327.10;1234.323;-5553.177;3136.965; 118.161; 478.6;307.477;0.000;24.972;6226.726;  0.000;  0.000;0.0000;0.00;-0.00;-56.01;56.01;1.394;1366.417;-5522.159;3136.965;-173.85;0.000;28.874
328.10;1234.504;-5552.762;3136.796; 117.759; 486.4;307.739;0.000;24.972;6226.726;  0.000;  0.000;0.0000;0.00;0.00;-56.62;56.62;1.405;1366.990;-5521.641;3136.796;-173.85;0.000;28.874
329.10;1234.682;-5552.339;3136.623; 117.348; 494.3;308.002;0.000;24.972;6226.726;  0.000;  0.000;0.0000;0.00;-0.00;-57.21;57.21;1.416;1367.561;-5521.114;3136.623;-173.86;0.000;28.875
330.10;1234.859;-5551.909;3136.445; 116.928; 502.3;308.265;0.000;24.972;6226.726;  0.000;  0.000;0.0000;0.00;0.00;-57.78;57.78;1.427;1368.130;-5520.580;3136.445;-173.87;0.000;28.875
331.10;1235.034;-5551.470;3136.262; 116.498; 510.2;308.528;0.000;24.972;6226.726;  0.000;  0.000;0.0000;0.00;-0.00;-58.34;58.34;1.438;1368.697;-5520.037;3136.262;-173.88;0.000;28.875
332.10;1235.208;-5551.023;3136.075; 116.059; 518.3;308.791;0.000;24.972;6226.726;  0.000;  0.000;0.0000;0.00;-0.00;-58.87;58.87;1.448;1369.262;-5519.487;3136.075;-173.89;0.000;28.875
333.10;1235.380;-5550.568;3135.883; 115.610; 526.4;309.054;0.000;24.972;6226.726;  0.000;  0.000;0.0000;0.00;0.00;-59.40;59.40;1.458;1369.826;-5518.928;3135.883;-173.90;0.000;28.876
334.10;1235.550;-5550.106;3135.687; 115.152; 534.5;309.317;0.000;24.972;6226.726;  0.000;  0.000;0.0000;0.00;-0.00;-59.90;59.90;1.467;1370.387;-5518.361;3135.687;-173.91;0.000;28.876
335.10;1235.718;-5549.635;3135.486; 114.685; 542.7;309.580;0.000;24.972;6226.726;  0.000;  0.000;0.0000;0.00;0.00;-60.39;60.39;1.476;1370.946;-5517.787;3135.486;-173.92;0.000;28.876
336.10;1235.884;-5549.156;3135.281; 114.208; 550.9;309.844;0.000;24.972;6226.726;  0.000;  0.000;0.0000;0.00;-0.00;-60.87;60.87;1.485;1371.503;-5517.204;3135.281;-173.93;0.000;28.876
337.10;1236.049;-5548.669;3135.071; 113.722; 559.2;310.107;0.000;24.972;6226.726;  0.000;  0.000;0.0000;0.00;-0.00;-61.33;61.33;1.494;1372.058;-5516.613;3135.071;-173.94;0.000;28.877
338.10;1236.212;-5548.174;3134.856; 113.226; 567.5;310.371;0.000;24.972;6226.726;  0.000;  0.000;0.0000;0.00;0.00;-61.77;61.77;1.502;1372.611;-5516.014;3134.856;-173.95;0.000;28.877
339.10;1236.374;-5547.671;3134.637; 112.721; 575.8;310.634;0.000;24.972;6226.726;  0.000;  0.000;0.0000;0.00;-0.00;-62.21;62.21;1.509;1373.162;-5515.407;3134.637;-173.96;0.000;28.877
340.10;1236.534;-5547.160;3134.414; 112.207; 584.1;310.898;0.000;24.972;6226.726;  0.000;  0.000;0.0000;0.00;-0.00;-62.63;62.63;1.517;1373.712;-5514.792;3134.414;-173.97;0.000;28.877
341.10;1236.691;-5546.641;3134.185; 111.684; 592.5;311.162;0.000;24.972;6226.726;  0.000;  0.000;0.0000;0.00;-0.00;-63.04;63.04;1.524;1374.259;-5514.170;3134.185;-173.98;0.000;28.878
342.10;1236.848;-5546.114;3133.953; 111.150; 601.0;311.426;0.000;24.972;6226.726;  0.000;  0.000;0.0000;0.00;-0.00;-63.44;63.44;1.530;1374.804;-5513.539;3133.953;-173.99;0.000;28.878
343.10;1237.002;-5545.579;3133.715; 110.608; 609.4;311.690;0.000;24.972;6226.726;  0.000;  0.000;0.0000;0.00;-0.00;-63.83;63.83;1.536;1375.347;-5512.900;3133.715;-174.00;0.000;28.878
344.10;1237.155;-5545.036;3133.473; 110.056; 617.9;311.954;0.000;24.972;6226.726;  0.000;  0.000;0.0000;0.00;-0.00;-64.20;64.20;1.542;1375.888;-5512.252;3133.473;-174.01;0.000;28.878
345.10;1237.306;-5544.485;3133.227; 109.495; 626.4;312.219;0.000;24.972;6226.726;  0.000;  0.000;0.0000;0.00;0.00;-64.57;64.57;1.548;1376.427;-5511.597;3133.227;-174.02;0.000;28.879
346.10;1237.455;-5543.926;3132.976; 108.924; 635.0;312.483;0.000;24.972;6226.726;  0.000;  0.000;0.0000;0.00;0.00;-64.93;64.93;1.553;1376.964;-5510.934;3132.976;-174.03;0.000;28.879
347.10;1237.603;-5543.359;3132.720; 108.344; 643.5;312.748;0.000;24.972;6226.726;  0.000;  0.000;0.0000;0.00;-0.00;-65.27;65.27;1.558;1377.500;-5510.263;3132.720;-174.04;0.000;28.879
348.10;1237.749;-5542.783;3132.460; 107.755; 652.1;313.012;0.000;24.972;6226.726;  0.000;  0.000;0.0000;0.00;-0.00;-65.61;65.61;1.563;1378.033;-5509.584;3132.460;-174.05;0.000;28.879
349.10;1237.893;-5542.200;3132.195; 107.156; 660.7;313.277;0.000;24.972;6226.726;  0.000;  0.000;0.0000;0.00;-0.00;-65.94;65.94;1.567;1378.564;-5508.896;3132.195;-174.06;0.000;28.879
350.10;1238.036;-5541.609;3131.925; 106.548; 669.4;313.542;0.000;24.972;6226.726;  0.000;  0.000;0.0000;0.00;0.00;-66.26;66.26;1.571;1379.093;-5508.201;3131.925;-174.07;0.000;28.880
351.10;1238.177;-5541.009;3131.652; 105.930; 678.0;313.807;0.000;24.972;6226.726;  0.000;  0.000;0.0000;0.00;-0.00;-66.57;66.57;1.575;1379.620;-5507.498;3131.652;-174.08;0.000;28.880
352.10;1238.316;-5540.402;3131.373; 105.303; 686.7;314.073;0.000;24.972;6226.726;  0.000;  0.000;0.0000;0.00;0.00;-66.88;66.88;1.578;1380.145;-5506.786;3131.373;-174.09;0.000;28.880
353.10;1238.453;-5539.786;3131.090; 104.666; 695.4;314.338;0.000;24.972;6226.726;  0.000;  0.000;0.0000;0.00;0.00;-67.17;67.17;1.581;1380.668;-5506.067;3131.090;-174.10;0.000;28.880
354.10;1238.589;-5539.163;3130.802; 104.020; 704.2;314.603;0.000;24.972;6226.726;  0.000;  0.000;0.0000;0.00;0.00;-67.46;67.46;1.584;1381.189;-5505.339;3130.802;-174.11;0.000;28.881
355.10;1238.723;-5538.531;3130.510; 103.365; 712.9;314.869;0.000;24.972;6226.726;  0.000;  0.000;0.0000;0.00;0.00;-67.74;67.74;1.587;1381.708;-5504.604;3130.510;-174.12;0.000;28.881
356.10;1238.855;-5537.891;3130.213; 102.700; 721.7;315.135;0.000;24.972;6226.726;  0.000;  0.000;0.0000;0.00;0.00;-68.02;68.02;1.589;1382.225;-5503.860;3130.213;-174.13;0.000;28.881
357.10;1238.985;-5537.244;3129.912; 102.026; 730.5;315.400;0.000;24.972;6226.726;  0.000;  0.000;0.0000;0.00;0.00;-68.29;68.29;1.591;1382.740;-5503.108;3129.912;-174.14;0.000;28.881
358.10;1239.114;-5536.588;3129.605; 101.343; 739.3;315.666;0.000;24.972;6226.726;  0.000;  0.000;0.0000;0.00;0.00;-68.55;68.55;1.593;1383.253;-5502.348;3129.605;-174.15;0.000;28.882
359.10;1239.241;-5535.924;3129.295; 100.650; 748.1;315.933;0.000;24.972;6226.726;  0.000;  0.000;0.0000;0.00;0.00;-68.80;68.80;1.595;1383.764;-5501.580;3129.295;-174.16;0.000;28.882
360.10;1239.366;-5535.252;3128.980;  99.947; 756.9;316.199;0.000;24.972;6226.726;  0.000;  0.000;0.0000;0.00;0.00;-69.05;69.05;1.596;1384.272;-5500.805;3128.980;-174.17;0.000;28.882
361.10;1239.490;-5534.572;3128.660;  99.235; 765.8;316.465;0.000;24.972;6226.726;  0.000;  0.000;0.0000;0.00;0.00;-69.30;69.30;1.598;1384.779;-5500.021;3128.660;-174.19;0.000;28.882
362.10;1239.612;-5533.884;3128.335;  98.514; 774.6;316.732;0.000;24.972;6226.726;  0.000;  0.000;0.0000;0.00;-0.00;-69.54;69.54;1.599;1385.284;-5499.229;3128.335;-174.20;0.000;28.883
363.10;1239.732;-5533.188;3128.006;  97.783; 783.5;316.999;0.000;24.972;6226.726;  0.000;  0.000;0.0000;0.00;-0.00;-69.77;69.77;1.600;1385.787;-5498.428;3128.006;-174.21;0.000;28.883
364.10;1239.851;-5532.484;3127.673;  97.043; 792.4;317.266;0.000;24.972;6226.726;  0.000;  0.000;0.0000;0.00;0.00;-70.00;70.00;1.601;1386.287;-5497.620;3127.673;-174.22;0.000;28.883
365.10;1239.967;-5531.771;3127.335;  96.294; 801.3;317.533;0.000;24.972;6226.726;  0.000;  0.000;0.0000;0.00;-0.00;-70.22;70.22;1.602;1386.786;-5496.804;3127.335;-174.23;0.000;28.883
366.10;1240.083;-5531.051;3126.992;  95.535; 810.3;317.800;0.000;24.972;6226.726;  0.000;  0.000;0.0000;0.00;-0.00;-70.44;70.44;1.603;1387.283;-5495.980;3126.992;-174.24;0.000;28.884
367.10;1240.196;-5530.322;3126.645;  94.766; 819.2;318.067;0.000;24.972;6226.726;  0.000;  0.000;0.0000;0.00;-0.00;-70.65;70.65;1.603;1387.777;-5495.147;3126.645;-174.25;0.000;28.884
368.10;1240.308;-5529.586;3126.293;  93.988; 828.2;318.335;0.000;24.972;6226.726;  0.000;  0.000;0.0000;0.00;-0.00;-70.86;70.86;1.604;1388.270;-5494.307;3126.293;-174.26;0.000;28.884
369.10;1240.418;-5528.841;3125.936;  93.201; 837.1;318.602;0.000;24.972;6226.726;  0.000;  0.000;0.0000;0.00;-0.00;-71.06;71.06;1.604;1388.760;-5493.458;3125.936;-174.27;0.000;28.884
370.10;1240.526;-5528.089;3125.575;  92.404; 846.1;318.870;0.000;24.972;6226.726;  0.000;  0.000;0.0000;0.00;-0.00;-71.26;71.26;1.604;1389.249;-5492.601;3125.575;-174.28;0.000;28.885
371.10;1240.632;-5527.328;3125.209;  91.598; 855.1;319.138;0.000;24.972;6226.726;  0.000;  0.000;0.0000;0.00;-0.00;-71.45;71.45;1.605;1389.735;-5491.737;3125.209;-174.29;0.000;28.885
372.10;1240.737;-5526.559;3124.839;  90.782; 864.1;319.406;0.000;24.972;6226.726;  0.000;  0.000;0.0000;0.00;-0.00;-71.65;71.65;1.605;1390.220;-5490.864;3124.839;-174.30;0.000;28.885
373.10;1240.840;-5525.782;3124.464;  89.957; 873.1;319.675;0.000;24.972;6226.726;  0.000;  0.000;0.0000;0.00;-0.00;-71.83;71.83;1.605;1390.702;-5489.983;3124.464;-174.31;0.000;28.885
374.10;1240.942;-5524.997;3124.084;  89.123; 882.2;319.943;0.000;24.972;6226.726;  0.000;  0.000;0.0000;0.00;0.00;-72.01;72.01;1.605;1391.182;-5489.094;3124.084;-174.32;0.000;28.886
375.10;1241.041;-5524.204;3123.700;  88.278; 891.2;320.212;0.000;24.972;6226.726;  0.000;  0.000;0.0000;0.00;0.00;-72.19;72.19;1.605;1391.661;-5488.197;3123.700;-174.33;0.000;28.886
376.10;1241.139;-5523.402;3123.312;  87.425; 900.3;320.481;0.000;24.972;6226.726;  0.000;  0.000;0.0000;0.00;-0.00;-72.37;72.37;1.605;1392.137;-5487.292;3123.312;-174.34;0.000;28.886
377.10;1241.236;-5522.593;3122.918;  86.562; 909.3;320.750;0.000;24.972;6226.726;  0.000;  0.000;0.0000;0.00;0.00;-72.54;72.54;1.605;1392.611;-5486.379;3122.918;-174.35;0.000;28.886
378.10;1241.330;-5521.775;3122.520;  85.690; 918.4;321.019;0.003;24.972;6226.726;  0.000;  0.000;0.0000;0.00;-0.00;-72.71;72.71;1.605;1393.083;-5485.457;3122.520;-174.36;0.000;28.887
379.10;1241.423;-5520.950;3122.118;  84.808; 927.5;321.288;0.004;24.972;6226.726;  0.000;  0.000;0.0000;0.00;-0.00;-72.87;72.87;1.605;1393.553;-5484.528;3122.118;-174.38;0.000;28.887
380.10;1241.514;-5520.116;3121.710;  83.916; 936.6;321.558;0.004;24.972;6226.726;  0.000;  0.000;0.0000;0.00;0.00;-73.04;73.04;1.605;1394.021;-5483.590;3121.710;-174.39;0.000;28.887
381.10;1241.604;-5519.274;3121.299;  83.016; 945.7;321.828;0.005;24.972;6226.726;  0.000;  0.000;0.0000;0.00;-0.00;-73.20;73.20;1.605;1394.487;-5482.645;3121.299;-174.40;0.000;28.887
382.10;1241.692;-5518.424;3120.882;  82.105; 954.8;322.098;0.006;24.972;6226.726;  0.000;  0.000;0.0000;0.00;-0.00;-73.35;73.35;1.605;1394.951;-5481.691;3120.882;-174.41;0.000;28.887
383.10;1241.778;-5517.566;3120.461;  81.185; 964.0;322.368;0.007;24.972;6226.726;  0.000;  0.000;0.0000;0.00;0.00;-73.50;73.50;1.605;1395.413;-5480.729;3120.461;-174.42;0.000;28.888
384.10;1241.862;-5516.700;3120.036;  80.256; 973.1;322.638;0.008;24.972;6226.726;  0.000;  0.000;0.0000;0.00;0.00;-73.65;73.65;1.605;1395.872;-5479.759;3120.036;-174.43;0.000;28.888
385.10;1241.945;-5515.826;3119.605;  79.317; 982.2;322.909;0.009;24.972;6226.726;  0.000;  0.000;0.0000;0.00;-0.00;-73.80;73.80;1.605;1396.330;-5478.781;3119.605;-174.44;0.000;28.888
386.10;1242.026;-5514.944;3119.171;  78.369; 991.4;323.180;0.011;24.972;6226.726;  0.000;  0.000;0.0000;0.00;-0.00;-73.94;73.94;1.605;1396.786;-5477.795;3119.171;-174.45;0.000;28.888
387.10;1242.105;-5514.053;3118.731;  77.412;1000.6;323.450;0.013;24.972;6226.726;  0.000;  0.000;0.0000;0.00;0.00;-74.09;74.09;1.605;1397.239;-5476.801;3118.731;-174.46;0.000;28.889
388.10;1242.183;-5513.154;3118.287;  76.444;1009.7;323.722;0.015;24.972;6226.726;  0.000;  0.000;0.0000;0.00;-0.00;-74.22;74.22;1.605;1397.691;-5475.798;3118.287;-174.47;0.000;28.889
389.10;1242.258;-5512.248;3117.838;  75.468;1018.9;323.993;0.017;24.972;6226.726;  0.000;  0.000;0.0000;0.00;0.00;-74.36;74.36;1.605;1398.140;-5474.788;3117.838;-174.48;0.000;28.889
390.10;1242.332;-5511.333;3117.385;  74.482;1028.1;324.264;0.020;24.972;6226.726;  0.000;  0.000;0.0000;0.00;-0.00;-74.49;74.49;1.605;1398.587;-5473.769;3117.385;-174.49;0.000;28.889
391.10;1242.405;-5510.410;3116.927;  73.486;1037.3;324.536;0.024;24.972;6226.726;  0.000;  0.000;0.0000;0.00;-0.00;-74.63;74.63;1.605;1399.033;-5472.743;3116.927;-174.51;0.000;28.890
392.10;1242.476;-5509.479;3116.464;  72.481;1046.5;324.808;0.028;24.972;6226.726;  0.000;  0.000;0.0000;0.00;-0.00;-74.76;74.76;1.604;1399.476;-5471.708;3116.464;-174.52;0.000;28.890
393.10;1242.545;-5508.539;3115.997;  71.466;1055.7;325.080;0.033;24.972;6226.726;  0.000;  0.000;0.0000;0.00;-0.00;-74.88;74.88;1.604;1399.917;-5470.665;3115.997;-174.53;0.000;28.890
394.10;1242.612;-5507.592;3115.525;  70.442;1064.9;325.353;0.038;24.972;6226.726;  0.000;  0.000;0.0000;0.00;0.00;-75.01;75.01;1.604;1400.356;-5469.614;3115.525;-174.54;0.000;28.890
395.10;1242.678;-5506.637;3115.049;  69.408;1074.1;325.625;0.045;24.972;6226.726;  0.000;  0.000;0.0000;0.00;0.00;-75.13;75.13;1.604;1400.793;-5468.555;3115.049;-174.55;0.000;28.890
396.10;1242.742;-5505.673;3114.568;  68.365;1083.3;325.898;0.053;24.972;6226.726;  0.000;  0.000;0.0000;0.00;0.00;-75.25;75.25;1.604;1401.228;-5467.487;3114.568;-174.56;0.000;28.891
397.10;1242.804;-5504.701;3114.082;  67.313;1092.6;326.171;0.063;24.972;6226.726;  0.000;  0.000;0.0000;0.00;0.00;-75.37;75.37;1.604;1401.660;-5466.412;3114.082;-174.57;0.000;28.891
398.10;1242.864;-5503.721;3113.592;  66.250;1101.8;326.444;0.074;24.972;6226.726;  0.000;  0.000;0.0000;0.00;0.00;-75.48;75.48;1.604;1402.091;-5465.329;3113.592;-174.58;0.000;28.891
399.10;1242.923;-5502.733;3113.097;  65.179;1111.0;326.718;0.087;24.972;6226.726;  0.000;  0.000;0.0000;0.00;-0.00;-75.60;75.60;1.604;1402.520;-5464.237;3113.097;-174.59;0.000;28.891
400.10;1242.980;-5501.737;3112.597;  64.098;1120.2;326.991;0.104;24.972;6226.726;  0.000;  0.000;0.0000;0.01;-0.00;-75.71;75.71;1.604;1402.946;-5463.137;3112.597;-174.60;0.000;28.892
401.10;1243.036;-5500.733;3112.093;  63.007;1129.5;327.265;0.123;24.972;6226.726;  0.000;  0.000;0.0000;0.01;0.00;-75.82;75.82;1.604;1403.371;-5462.029;3112.093;-174.62;0.000;28.892
402.10;1243.089;-5499.720;3111.584;  61.907;1138.7;327.539;0.146;24.972;6226.726;  0.000;  0.000;0.0000;0.01;0.00;-75.93;75.93;1.603;1403.793;-5460.914;3111.584;-174.63;0.000;28.892
403.10;1243.141;-5498.700;3111.071;  60.798;1147.9;327.814;0.173;24.972;6226.726;  0.000;  0.000;0.0000;0.01;0.00;-76.03;76.03;1.603;1404.213;-5459.790;3111.071;-174.64;0.000;28.892
404.10;1243.192;-5497.671;3110.553;  59.679;1157.1;328.088;0.206;24.972;6226.726;  0.000;  0.000;0.0000;0.01;0.00;-76.14;76.14;1.603;1404.631;-5458.658;3110.553;-174.65;0.000;28.893
405.10;1243.240;-5496.635;3110.031;  58.550;1166.3;328.363;0.246;24.972;6226.726;  0.000;  0.000;0.0000;0.01;0.00;-76.24;76.24;1.603;1405.047;-5457.517;3110.031;-174.66;0.000;28.893
406.10;1243.287;-5495.590;3109.503;  57.413;1175.5;328.638;0.293;24.972;6226.726;  0.000;  0.000;0.0000;0.01;-0.00;-76.34;76.34;1.603;1405.461;-5456.369;3109.503;-174.67;0.000;28.893
407.10;1243.332;-5494.537;3108.972;  56.265;1184.7;328.913;0.350;24.972;6226.726;  0.000;  0.000;0.0000;0.02;0.00;-76.44;76.44;1.603;1405.873;-5455.213;3108.972;-174.68;0.000;28.893
408.10;1243.376;-5493.476;3108.435;  55.109;1193.9;329.188;0.418;24.972;6226.726;  0.000;  0.000;0.0000;0.02;0.00;-76.54;76.54;1.603;1406.283;-5454.049;3108.435;-174.69;0.000;28.893
409.10;1243.418;-5492.407;3107.894;  53.943;1203.0;329.464;0.500;24.972;6226.726;  0.000;  0.000;0.0000;0.03;0.00;-76.64;76.64;1.603;1406.690;-5452.877;3107.894;-174.70;0.000;28.894
410.10;1243.458;-5491.330;3107.349;  52.767;1212.1;329.739;0.599;24.972;6226.726;  0.000;  0.000;0.0000;0.03;-0.00;-76.74;76.74;1.603;1407.096;-5451.697;3107.349;-174.72;0.000;28.894
411.10;1243.496;-5490.246;3106.799;  51.583;1221.1;330.015;0.719;24.972;6226.726;  0.000;  0.000;0.0000;0.04;0.00;-76.83;76.83;1.602;1407.499;-5450.509;3106.799;-174.73;0.000;28.894
412.10;1243.533;-5489.153;3106.244;  50.389;1230.1;330.291;0.863;24.972;6226.726;  0.000;  0.000;0.0000;0.04;0.00;-76.92;76.92;1.602;1407.900;-5449.313;3106.244;-174.74;0.000;28.894
413.10;1243.568;-5488.053;3105.685;  49.186;1238.3;330.568;1.037;24.948;6228.174;  0.000;  0.000;0.9000;1.48;-0.00;-77.01;77.01;0.000;1408.299;-5448.109;3105.685;-174.75;45.372;28.895
414.10;1243.601;-5486.952;3105.126;  47.982;1233.2;330.842;1.219;24.705;6242.687;  0.000;  0.000;0.9000;1.48;-0.00;-77.10;77.10;0.000;1408.696;-5446.905;3105.126;-174.76;38.602;28.895
415.10;1243.631;-5485.855;3104.568;  46.782;1228.0;331.114;1.431;24.462;6257.269;  0.000;  0.000;0.9000;1.49;0.00;-77.19;77.19;0.000;1409.091;-5445.705;3104.568;-174.77;32.868;28.895
416.10;1243.660;-5484.764;3104.012;  45.587;1221.2;331.382;1.676;24.171;6274.859;  0.000;  0.000;0.9000;4.50;0.00;-77.28;77.28;0.000;1409.484;-5444.511;3104.012;-174.78;84.228;28.895
417.10;1243.687;-5483.692;3103.466;  44.414;1186.3;331.644;1.866;23.442;6319.282;  0.000;  0.000;0.9000;4.56;0.00;-77.37;77.37;0.000;1409.875;-5443.336;3103.466;-174.80;75.646;28.896
418.10;1243.710;-5482.653;3102.935;  43.274;1150.6;331.897;2.061;22.714;6364.359;  0.000;  0.000;0.9000;4.63;-0.00;-77.47;77.47;0.000;1410.264;-5442.193;3102.935;-174.81;68.461;28.896
419.10;1243.732;-5481.645;3102.421;  42.169;1114.4;332.140;2.260;21.985;6410.109;  0.000;  0.000;0.9000;4.70;0.00;-77.56;77.56;0.000;1410.651;-5441.083;3102.421;-174.82;62.456;28.896
420.10;1243.750;-5480.670;3101.923;  41.100;1077.4;332.373;2.456;21.256;6456.553;  0.000;  0.000;0.9000;4.77;-0.00;-77.66;77.66;0.000;1411.037;-5440.005;3101.923;-174.83;57.457;28.896
421.10;1243.766;-5479.728;3101.441;  40.066;1039.7;332.597;2.646;20.528;6503.712;  0.000;  0.000;0.9000;4.85;0.00;-77.76;77.76;0.000;1411.421;-5438.960;3101.441;-174.84;53.326;28.896
422.10;1243.780;-5478.821;3100.976;  39.070;1001.3;332.811;2.825;19.799;6551.607;  0.000;  0.000;0.9000;4.92;-0.00;-77.87;77.87;0.000;1411.803;-5437.950;3100.976;-174.85;49.952;28.896
423.10;1243.792;-5477.948;3100.529;  38.110; 962.1;333.015;2.986;19.070;6600.264;  0.000;  0.000;0.9000;5.00;0.00;-77.98;77.98;0.000;1412.184;-5436.974;3100.529;-174.87;47.253;28.897
424.10;1243.801;-5477.111;3100.099;  37.190; 922.2;333.208;3.124;18.342;6649.704;  0.000;  0.000;0.9000;5.08;0.00;-78.09;78.09;0.000;1412.564;-5436.034;3100.099;-174.88;45.167;28.897
425.10;1243.808;-5476.310;3099.688;  36.308; 881.5;333.392;3.232;17.613;6699.955;  0.000;  0.000;0.9000;5.17;-0.00;-78.21;78.21;0.000;1412.942;-5435.130;3099.688;-174.89;43.654;28.897
426.10;1243.812;-5475.545;3099.294;  35.466; 839.9;333.566;3.304;16.884;6751.043;  0.000;  0.000;0.9000;5.25;0.00;-78.33;78.33;0.000;1413.320;-5434.262;3099.294;-174.90;42.696;28.897
427.10;1243.815;-5474.818;3098.920;  34.665; 797.5;333.730;3.335;16.156;6802.996;  0.000;  0.000;0.9000;5.34;0.00;-78.46;78.46;0.000;1413.696;-5433.433;3098.920;-174.92;42.297;28.897
428.10;1243.816;-5474.129;3098.565;  33.906; 754.2;333.883;3.320;15.427;6855.845;  0.000;  0.000;0.9000;5.44;0.00;-78.59;78.59;0.000;1414.072;-5432.641;3098.565;-174.93;42.487;28.897
429.10;1243.815;-5473.480;3098.230;  33.189; 709.9;334.026;3.255;14.698;6909.619;  0.000;  0.000;0.9000;5.53;0.00;-78.73;78.73;0.000;1414.447;-5431.889;3098.230;-174.94;43.332;28.897
430.10;1243.813;-5472.870;3097.915;  32.516; 664.8;334.158;3.138;13.970;6964.353;  0.000;  0.000;0.9000;5.63;-0.00;-78.88;78.88;0.000;1414.821;-5431.176;3097.915;-174.96;44.941;28.898
431.10;1243.809;-5472.301;3097.620;  31.887; 618.6;334.280;2.970;13.241;7020.081;  0.000;  0.000;0.9000;5.73;0.00;-79.04;79.04;0.000;1415.195;-5430.504;3097.620;-174.97;47.491;28.898
432.10;1243.803;-5471.774;3097.347;  31.304; 573.3;334.392;2.770;12.561;7073.023;  0.000;  0.000;0.9000;1.95;-0.00;-79.21;79.21;0.000;1415.569;-5429.874;3097.347;-174.99;16.972;28.898
433.10;1243.797;-5471.269;3097.085;  30.745; 564.6;334.497;2.906;12.342;7090.236;  0.000;  0.000;0.0000;0.17;-0.00;-79.38;79.38;1.441;1415.943;-5429.267;3097.085;-175.00;0.000;28.898
434.10;1243.788;-5470.765;3096.823;  30.186; 572.3;334.600;3.231;12.342;7090.236;  0.000;  0.000;0.0000;0.20;-0.00;-79.55;79.55;1.451;1416.314;-5428.660;3096.823;-175.02;0.000;28.898
435.10;1243.778;-5470.254;3096.557;  29.619; 579.8;334.704;3.592;12.342;7090.236;  0.000;  0.000;0.0000;0.22;0.00;-79.72;79.72;1.461;1416.683;-5428.046;3096.557;-175.04;0.000;28.898
436.10;1243.766;-5469.736;3096.287;  29.045; 587.1;334.806;3.994;12.342;7090.236;  0.000;  0.000;0.0000;0.24;0.00;-79.88;79.88;1.470;1417.051;-5427.426;3096.287;-175.05;0.000;28.898
437.10;1243.752;-5469.213;3096.014;  28.463; 594.1;334.909;4.439;12.342;7090.236;  0.000;  0.000;0.0000;0.27;0.00;-80.03;80.03;1.478;1417.416;-5426.800;3096.014;-175.07;0.000;28.898
438.10;1243.736;-5468.683;3095.737;  27.875; 600.8;335.011;4.933;12.342;7090.236;  0.000;  0.000;0.0000;0.31;0.00;-80.18;80.18;1.486;1417.779;-5426.168;3095.737;-175.08;0.000;28.898
439.10;1243.719;-5468.148;3095.457;  27.279; 607.2;335.113;5.480;12.342;7090.236;  0.000;  0.000;0.0000;0.34;-0.00;-80.33;80.33;1.493;1418.141;-5425.530;3095.457;-175.10;0.000;28.898
440.10;1243.700;-5467.608;3095.174;  26.677; 613.2;335.214;6.085;12.342;7090.236;  0.000;  0.000;0.0000;0.38;0.00;-80.47;80.47;1.499;1418.500;-5424.887;3095.174;-175.12;0.000;28.898
441.10;1243.679;-5467.063;3094.887;  26.069; 618.9;335.315;6.752;12.342;7090.236;  0.000;  0.000;0.0000;0.42;-0.00;-80.61;80.61;1.505;1418.857;-5424.240;3094.887;-175.13;0.000;28.898
442.10;1243.657;-5466.513;3094.598;  25.456; 624.1;335.415;7.487;12.342;7090.236;  0.000;  0.000;0.0000;0.47;0.00;-80.75;80.75;1.510;1419.213;-5423.587;3094.598;-175.15;0.000;28.899
443.10;1243.633;-5465.959;3094.307;  24.837; 628.8;335.515;8.294;12.342;7090.236;  0.000;  0.000;0.0000;0.52;0.00;-80.88;80.88;1.515;1419.567;-5422.931;3094.307;-175.17;0.000;28.899
444.10;1243.608;-5465.401;3094.013;  24.214; 633.0;335.614;9.177;12.342;7090.236;  0.000;  0.000;0.0000;0.58;0.00;-81.02;81.02;1.519;1419.918;-5422.270;3094.013;-175.18;0.000;28.899
445.10;1243.581;-5464.840;3093.717;  23.587; 636.6;335.712;10.140;12.342;7090.236;  0.000;  0.000;0.0000;0.64;0.00;-81.14;81.14;1.522;1420.268;-5421.607;3093.717;-175.20;0.000;28.899
446.10;1243.552;-5464.276;3093.420;  22.956; 639.5;335.809;11.188;12.342;7090.236;  0.000;  0.000;0.0000;0.71;0.00;-81.27;81.27;1.524;1420.617;-5420.941;3093.420;-175.22;0.000;28.899
447.10;1243.522;-5463.710;3093.120;  22.323; 641.8;335.905;12.322;12.342;7090.236;  0.000;  0.000;0.0000;0.78;-0.00;-81.39;81.39;1.526;1420.964;-5420.273;3093.120;-175.23;0.000;28.899
448.10;1243.490;-5463.143;3092.820;  21.687; 643.4;336.000;13.543;12.342;7090.236;  0.000;  0.000;0.0000;0.86;-0.00;-81.51;81.51;1.527;1421.309;-5419.603;3092.820;-175.25;0.000;28.899
449.10;1243.457;-5462.574;3092.519;  21.050; 644.2;336.094;14.852;12.342;7090.236;  0.000;  0.000;0.0000;0.95;0.00;-81.63;81.63;1.528;1421.653;-5418.932;3092.519;-175.27;0.000;28.899
450.10;1243.423;-5462.006;3092.218;  20.413; 644.1;336.187;16.246;12.342;7090.236;  0.000;  0.000;0.0000;1.03;0.00;-81.75;81.75;1.528;1421.995;-5418.262;3092.218;-175.28;0.000;28.899
451.10;1243.388;-5461.438;3091.917;  19.776; 642.9;336.278;18.962;12.342;7090.236;  0.000;  0.000;0.0000;1.21;-0.00;-81.86;81.86;1.529;1422.336;-5417.592;3091.917;-175.30;0.000;28.899
452.10;1243.351;-5460.873;3091.616;  19.141; 640.2;336.368;20.785;12.342;7090.236;  0.000;  0.000;0.0000;1.32;-0.00;-81.98;81.98;1.527;1422.676;-5416.924;3091.616;-175.32;0.000;28.899
453.10;1243.313;-5460.310;3091.317;  18.509; 636.3;336.456;22.690;12.342;7090.236;  0.000;  0.000;0.0000;1.44;0.00;-82.09;82.09;1.524;1423.014;-5416.259;3091.317;-175.34;0.000;28.899
454.10;1243.275;-5459.752;3091.020;  17.881; 631.2;336.543;24.660;12.342;7090.236;  0.000;  0.000;0.0000;1.56;0.00;-82.20;82.20;1.520;1423.352;-5415.599;3091.020;-175.36;0.000;28.899
455.10;1243.235;-5459.199;3090.725;  17.258; 625.0;336.627;26.673;12.342;7090.236;  0.000;  0.000;0.0000;1.68;-0.00;-82.31;82.31;1.515;1423.689;-5414.943;3090.725;-175.38;0.000;28.899
456.10;1243.195;-5458.652;3090.433;  16.643; 617.6;336.709;28.703;12.342;7090.236;  0.000;  0.000;0.0000;1.80;0.00;-82.42;82.42;1.509;1424.026;-5414.294;3090.433;-175.39;0.000;28.899
457.10;1243.154;-5458.112;3090.145;  16.035; 609.0;336.789;30.724;12.342;7090.236;  0.000;  0.000;0.0000;1.92;-0.00;-82.53;82.53;1.502;1424.362;-5413.652;3090.145;-175.41;0.000;28.900
458.10;1243.113;-5457.581;3089.861;  15.436; 599.3;336.867;32.704;12.342;7090.236;  0.000;  0.000;0.0000;2.03;-0.00;-82.65;82.65;1.493;1424.697;-5413.019;3089.861;-175.43;0.000;28.900
459.10;1243.071;-5457.058;3089.582;  14.847; 588.5;336.942;34.614;12.342;7090.236;  0.000;  0.000;0.0000;2.14;0.00;-82.76;82.76;1.483;1425.033;-5412.394;3089.582;-175.45;0.000;28.900
460.10;1243.029;-5456.546;3089.307;  14.269; 576.8;337.015;36.425;12.342;7090.236;  0.000;  0.000;0.0000;2.23;-0.00;-82.87;82.87;1.471;1425.368;-5411.780;3089.307;-175.47;0.000;28.900
461.10;1242.986;-5456.045;3089.039;  13.703; 563.8;337.085;39.200;12.342;7090.236;  0.000;  0.000;0.0000;2.38;0.00;-82.98;82.98;1.457;1425.703;-5411.177;3089.039;-175.49;0.000;28.900
462.10;1242.944;-5455.556;3088.776;  13.151; 550.0;337.152;40.178;12.342;7090.236;  0.000;  0.000;0.0000;2.41;0.00;-83.10;83.10;1.441;1426.039;-5410.585;3088.776;-175.51;0.000;28.900
463.10;1242.901;-5455.080;3088.520;  12.612; 535.9;337.217;41.043;12.342;7090.236;  0.000;  0.000;0.0000;2.43;-0.00;-83.21;83.21;1.424;1426.375;-5410.006;3088.520;-175.54;0.000;28.900
464.10;1242.859;-5454.616;3088.271;  12.087; 521.7;337.279;41.773;12.342;7090.236;  0.000;  0.000;0.0000;2.44;0.00;-83.33;83.33;1.405;1426.712;-5409.440;3088.271;-175.56;0.000;28.900
465.10;1242.817;-5454.164;3088.028;  11.576; 507.4;337.338;42.356;12.342;7090.236;  0.000;  0.000;0.0000;2.44;0.00;-83.44;83.44;1.385;1427.048;-5408.886;3088.028;-175.58;0.000;28.900
466.10;1242.774;-5453.726;3087.792;  11.080; 493.2;337.394;42.792;12.342;7090.236;  0.000;  0.000;0.0000;2.43;-0.00;-83.56;83.56;1.365;1427.386;-5408.345;3087.792;-175.61;0.000;28.900
467.10;1242.733;-5453.300;3087.562;  10.597; 479.2;337.448;43.094;12.342;7090.236;  0.000;  0.000;0.0000;2.40;0.00;-83.68;83.68;1.337;1427.724;-5407.817;3087.562;-175.63;0.000;28.900
468.10;1242.691;-5452.886;3087.339;  10.128; 465.5;337.499;43.279;12.342;7090.236;  0.000;  0.000;0.0000;2.36;-0.00;-83.80;83.80;1.310;1428.062;-5407.301;3087.339;-175.66;0.000;28.900
469.10;1242.649;-5452.484;3087.122;   9.672; 452.3;337.548;43.361;12.342;7090.236;  0.000;  0.000;0.0000;2.32;0.00;-83.93;83.93;1.283;1428.402;-5406.797;3087.122;-175.68;0.000;28.900
470.10;1242.608;-5452.094;3086.911;   9.229; 439.5;337.595;43.353;12.342;7090.236;  0.000;  0.000;0.0000;2.27;0.00;-84.05;84.05;1.256;1428.741;-5406.304;3086.911;-175.71;0.000;28.900
471.10;1242.567;-5451.715;3086.705;   8.798; 427.2;337.639;43.271;12.342;7090.236;  0.000;  0.000;0.0000;2.22;0.00;-84.17;84.17;1.229;1429.081;-5405.822;3086.705;-175.74;0.000;28.900
472.10;1242.526;-5451.347;3086.506;   8.379; 415.5;337.681;43.137;12.321;7091.869;  0.000;  0.000;0.7873;2.09;-0.00;-84.30;84.30;0.233;1429.422;-5405.351;3086.506;-175.77;0.930;28.900
473.10;1242.486;-5450.988;3086.311;   7.971; 404.7;337.722;43.035;12.109;7108.234;  0.000;  0.000;0.7873;2.10;0.00;-84.43;84.43;0.233;1429.764;-5404.890;3086.311;-175.80;0.931;28.900
474.10;1242.446;-5450.640;3086.122;   7.574; 393.8;337.760;42.771;11.896;7124.662;  0.000;  0.000;0.7873;2.10;0.00;-84.55;84.55;0.232;1430.105;-5404.439;3086.122;-175.83;0.935;28.900
475.10;1242.405;-5450.300;3085.937;   7.188; 382.9;337.796;42.349;11.684;7141.151;  0.000;  0.000;0.7873;2.11;0.00;-84.68;84.68;0.231;1430.448;-5403.997;3085.937;-175.86;0.943;28.900
476.10;1242.366;-5449.971;3085.758;   6.812; 371.7;337.831;41.733;11.471;7157.701;  0.000;  0.000;0.7873;2.19;-0.00;-84.81;84.81;0.243;1430.790;-5403.565;3085.758;-175.89;0.843;28.900
477.10;1242.326;-5449.652;3085.584;   6.448; 360.0;337.863;40.844;11.259;7174.313;  0.000;  0.000;0.7873;2.18;-0.00;-84.94;84.94;0.241;1431.134;-5403.143;3085.584;-175.93;0.860;28.900
478.10;1242.287;-5449.343;3085.416;   6.096; 348.4;337.894;39.827;11.046;7190.985;  0.000;  0.000;0.7873;2.18;-0.00;-85.07;85.07;0.238;1431.478;-5402.731;3085.416;-175.97;0.880;28.900
479.10;1242.249;-5449.045;3085.253;   5.755; 336.8;337.923;38.695;10.834;7207.720;  0.000;  0.000;0.7873;2.17;-0.00;-85.20;85.20;0.236;1431.824;-5402.330;3085.253;-176.00;0.904;28.900
480.10;1242.211;-5448.756;3085.095;   5.425; 325.4;337.950;37.463;10.621;7224.516;  0.000;  0.000;0.7873;2.16;0.00;-85.33;85.33;0.233;1432.170;-5401.939;3085.095;-176.04;0.932;28.900
481.10;1242.174;-5448.478;3084.943;   5.107; 314.1;337.976;36.144;10.409;7241.374;  0.000;  0.000;0.7873;2.14;0.00;-85.47;85.47;0.229;1432.517;-5401.558;3084.943;-176.09;0.964;28.900
482.10;1242.137;-5448.210;3084.795;   4.799; 302.8;338.000;34.754;10.196;7258.294;  0.000;  0.000;0.7873;2.13;0.00;-85.60;85.60;0.225;1432.864;-5401.186;3084.795;-176.13;1.001;28.900
483.10;1242.101;-5447.951;3084.654;   4.503; 291.8;338.022;33.305;9.984;7275.276;  0.000;  0.000;0.7873;2.11;-0.00;-85.73;85.73;0.220;1433.213;-5400.825;3084.654;-176.18;1.043;28.900
484.10;1242.066;-5447.702;3084.517;   4.218; 280.9;338.043;31.812;9.771;7292.322;  0.000;  0.000;0.7873;2.10;0.00;-85.87;85.87;0.215;1433.563;-5400.473;3084.517;-176.23;1.090;28.900
485.10;1242.031;-5447.463;3084.385;   3.943; 270.1;338.063;30.285;9.559;7309.432;  0.000;  0.000;0.7873;2.08;-0.00;-86.01;86.01;0.209;1433.914;-5400.130;3084.385;-176.28;1.142;28.900
486.10;1241.998;-5447.233;3084.259;   3.679; 259.6;338.081;28.744;9.346;7326.606;  0.000;  0.000;0.7873;2.01;-0.00;-86.14;86.14;0.185;1434.266;-5399.797;3084.259;-176.34;1.361;28.900
487.10;1241.964;-5447.012;3084.137;   3.425; 249.7;338.097;27.306;9.134;7343.846;  0.000;  0.000;0.7873;1.99;0.00;-86.28;86.28;0.177;1434.618;-5399.473;3084.137;-176.40;1.430;28.900
488.10;1241.932;-5446.800;3084.020;   3.181; 240.0;338.113;25.856;8.922;7361.152;  0.000;  0.000;0.7873;1.98;0.00;-86.42;86.42;0.169;1434.972;-5399.157;3084.020;-176.46;1.508;28.900
489.10;1241.900;-5446.596;3083.907;   2.947; 230.4;338.127;24.401;8.709;7378.526;  0.000;  0.000;0.7873;1.97;0.00;-86.56;86.56;0.159;1435.327;-5398.850;3083.907;-176.53;1.594;28.900
490.10;1241.869;-5446.401;3083.799;   2.722; 221.0;338.140;22.950;8.497;7395.967;  0.000;  0.000;0.7873;1.95;0.00;-86.70;86.70;0.148;1435.682;-5398.551;3083.799;-176.60;1.692;28.900
491.10;1241.839;-5446.214;3083.696;   2.506; 211.7;338.153;21.509;8.284;7413.479;  0.000;  0.000;0.7873;1.94;0.00;-86.84;86.84;0.136;1436.039;-5398.261;3083.696;-176.68;1.802;28.900
492.10;1241.810;-5446.035;3083.596;   2.300; 202.5;338.164;20.086;8.072;7431.061;  0.000;  0.000;0.7873;1.93;0.00;-86.98;86.98;0.122;1436.397;-5397.978;3083.596;-176.77;1.926;28.900
493.10;1241.781;-5445.864;3083.502;   2.102; 193.4;338.174;18.686;7.859;7448.715;  0.000;  0.000;0.7873;1.91;-0.00;-87.12;87.12;0.106;1436.756;-5397.703;3083.502;-176.86;2.066;28.900
494.10;1241.753;-5445.700;3083.411;   1.914; 184.5;338.183;17.315;7.647;7466.443;  0.000;  0.000;0.7873;1.90;-0.00;-87.25;87.25;0.088;1437.116;-5397.436;3083.411;-176.96;2.226;28.900
495.10;1241.726;-5445.545;3083.324;   1.734; 175.7;338.192;15.976;7.434;7484.247;  0.000;  0.000;0.7873;1.89;0.00;-87.39;87.39;0.068;1437.477;-5397.177;3083.324;-177.07;2.408;28.900
496.10;1241.700;-5445.397;3083.242;   1.563; 167.0;338.199;14.675;7.222;7502.128;  0.000;  0.000;0.7873;1.87;0.00;-87.53;87.53;0.045;1437.839;-5396.926;3083.242;-177.19;2.617;28.900
497.10;1241.675;-5445.257;3083.164;   1.401; 158.5;338.206;13.414;7.009;7520.088;  0.000;  0.000;0.7873;1.86;-0.00;-87.67;87.67;0.018;1438.203;-5396.682;3083.164;-177.33;2.859;28.900
498.10;1241.651;-5445.124;3083.090;   1.247; 150.0;338.212;12.195;6.797;7538.129;  0.000;  0.000;0.7873;1.86;0.00;-87.80;87.80;0.000;1438.568;-5396.445;3083.090;-177.48;3.139;28.900
499.10;1241.628;-5444.999;3083.020;   1.101; 141.5;338.217;10.999;6.584;7556.254;  0.000;  0.000;0.7873;1.87;0.00;-87.94;87.94;0.000;1438.933;-5396.215;3083.020;-177.64;3.475;28.900
500.10;1241.606;-5444.881;3082.954;   0.964; 132.9;338.222;9.826;6.372;7574.464;  0.000;  0.000;0.7873;1.88;-0.00;-88.08;88.08;0.000;1439.301;-5395.993;3082.954;-177.83;3.884;28.900
501.10;1241.585;-5444.770;3082.892;   0.836; 124.2;338.226;8.686;6.159;7592.762;  0.000;  0.000;0.7873;1.89;-0.00;-88.21;88.21;0.000;1439.669;-5395.779;3082.892;-178.04;4.387;28.900
502.10;1241.566;-5444.667;3082.834;   0.716; 115.4;338.230;7.584;5.947;7611.151;  0.000;  0.000;0.7873;1.90;0.00;-88.34;88.34;0.000;1440.039;-5395.572;3082.834;-178.28;5.018;28.900
503.10;1241.547;-5444.572;3082.781;   0.606; 106.5;338.233;6.527;5.734;7629.633;  0.000;  0.000;0.7873;1.91;0.00;-88.48;88.48;0.000;1440.410;-5395.372;3082.781;-178.56;5.822;28.900
504.10;1241.530;-5444.485;3082.732;   0.504;  97.6;338.236;5.525;5.522;7648.212;  0.000;  0.000;0.7873;1.92;-0.00;-88.61;88.61;0.000;1440.783;-5395.180;3082.732;-178.89;6.871;28.900
505.10;1241.514;-5444.405;3082.687;   0.411;  88.5;338.238;4.582;5.309;7666.891;  0.000;  0.000;0.7873;1.93;-0.00;-88.74;88.74;0.000;1441.158;-5394.996;3082.687;-179.28;8.274;28.900
506.10;1241.499;-5444.333;3082.646;   0.327;  79.3;338.239;3.708;5.097;7685.672;  0.000;  0.000;0.7873;1.94;-0.00;-88.87;88.87;0.000;1441.534;-5394.820;3082.646;-179.76;10.214;28.900
507.10;1241.486;-5444.269;3082.610;   0.253;  70.0;338.241;2.909;4.885;7704.561;  0.000;  0.000;0.7873;1.95;0.00;-89.01;89.01;0.000;1441.912;-5394.651;3082.610;179.63;13.007;28.900
508.10;1241.474;-5444.213;3082.579;   0.188;  60.6;338.242;2.192;4.672;7723.559;  0.000;  0.000;0.7873;1.96;0.00;-89.14;89.14;0.000;1442.292;-5394.491;3082.579;178.84;17.245;28.900
509.10;1241.464;-5444.166;3082.552;   0.132;  51.1;338.243;1.565;4.460;7742.672;  0.000;  0.000;0.7873;1.98;0.00;-89.27;89.27;0.000;1442.673;-5394.338;3082.552;177.78;24.139;28.900
510.10;1241.456;-5444.126;3082.530;   0.086;  41.4;338.243;1.034;4.247;7761.903;  0.000;  0.000;0.7873;1.99;-0.00;-89.40;89.40;0.000;1443.057;-5394.194;3082.530;176.24;9.593;28.900
511.10;1241.449;-5444.095;3082.512;   0.050;  31.7;338.243;0.606;4.035;7781.257;  0.000;  0.000;0.7873;2.00;0.00;-89.54;89.54;0.000;1443.442;-5394.058;3082.512;173.80;16.368;28.900
512.10;1241.444;-5444.073;3082.499;   0.024;  21.8;338.244;0.287;3.822;7800.738;  0.000;  0.000;0.7873;2.01;0.00;-89.67;89.67;0.000;1443.830;-5393.931;3082.499;169.29;34.558;28.900
513.10;1241.441;-5444.059;3082.491;   0.007;  11.9;338.244;0.085;3.612;7820.169;  0.000;  0.000;0.7510;1.93;0.00;-89.81;89.81;0.000;1444.219;-5393.811;3082.491;158.10;110.722;28.900
514.10;1241.440;-5444.053;3082.488;   0.000;   2.6;338.244;0.004;3.409;7839.003;  0.000;  0.000;0.7510;1.95;0.00;-89.91;89.91;0.000;1444.611;-5393.700;3082.488;112.21;2277.422;28.900
