#            Stage 1b
#Time;x(km);y(km);z(km);alt(km);relVel;dwnrng(km);Q(kPa);Fuel(tons);dV_tot;dV_grav;dv_drag;throttle;accel;aoa;aov;pitch;Cd;x(km);y(km);z(km);yaw;c_thrust;incl
-20.00;914.144;-5524.344;3053.973;   0.013;   0.0;0.000;0.000;409.500;  0.000;  0.000;  0.000;0.0000;1.00;0.00;90.00;28.61;0.200;914.144;-5524.344;3053.973;90.00;0.000;28.608
-19.00;914.144;-5524.344;3053.973;   0.013;   0.0;0.000;0.000;409.500;  0.000;  0.000;  0.000;0.0000;1.00;0.00;90.00;28.61;0.200;914.144;-5524.344;3053.973;90.00;0.000;28.608
-18.00;914.144;-5524.344;3053.973;   0.013;   0.0;0.000;0.000;409.500;  0.000;  0.000;  0.000;0.0000;1.00;0.00;90.00;28.61;0.200;914.144;-5524.344;3053.973;90.00;0.000;28.608
-17.00;914.144;-5524.344;3053.973;   0.013;   0.0;0.000;0.000;409.500;  0.000;  0.000;  0.000;0.0000;1.00;0.00;90.00;28.61;0.200;914.144;-5524.344;3053.973;90.00;0.000;28.608
-16.00;914.144;-5524.344;3053.973;   0.013;   0.0;0.000;0.000;409.500;  0.000;  0.000;  0.000;0.0000;1.00;0.00;90.00;28.61;0.200;914.144;-5524.344;3053.973;90.00;0.000;28.608
-15.00;914.144;-5524.344;3053.973;   0.013;   0.0;0.000;0.000;409.500;  0.000;  0.000;  0.000;0.0000;1.00;0.00;90.00;28.61;0.200;914.144;-5524.344;3053.973;90.00;0.000;28.608
-14.00;914.144;-5524.344;3053.973;   0.013;   0.0;0.000;0.000;409.500;  0.000;  0.000;  0.000;0.0000;1.00;0.00;90.00;28.61;0.200;914.144;-5524.344;3053.973;90.00;0.000;28.608
-13.00;914.144;-5524.344;3053.973;   0.013;   0.0;0.000;0.000;409.500;  0.000;  0.000;  0.000;0.0000;1.00;0.00;90.00;28.61;0.200;914.144;-5524.344;3053.973;90.00;0.000;28.608
-12.00;914.144;-5524.344;3053.973;   0.013;   0.0;0.000;0.000;409.500;  0.000;  0.000;  0.000;0.0000;1.00;0.00;90.00;28.61;0.200;914.144;-5524.344;3053.973;90.00;0.000;28.608
-11.00;914.144;-5524.344;3053.973;   0.013;   0.0;0.000;0.000;409.500;  0.000;  0.000;  0.000;0.0000;1.00;0.00;90.00;28.61;0.200;914.144;-5524.344;3053.973;90.00;0.000;28.608
-10.00;914.144;-5524.344;3053.973;   0.013;   0.0;0.000;0.000;409.500;  0.000;  0.000;  0.000;0.0000;1.00;0.00;90.00;28.61;0.200;914.144;-5524.344;3053.973;90.00;0.000;28.608
 -9.00;914.144;-5524.344;3053.973;   0.013;   0.0;0.000;0.000;409.500;  0.000;  0.000;  0.000;0.0000;1.00;0.00;90.00;28.61;0.200;914.144;-5524.344;3053.973;90.00;0.000;28.608
 -8.00;914.144;-5524.344;3053.973;   0.013;   0.0;0.000;0.000;409.500;  0.000;  0.000;  0.000;0.0000;1.00;0.00;90.00;28.61;0.200;914.144;-5524.344;3053.973;90.00;0.000;28.608
 -7.00;914.144;-5524.344;3053.973;   0.013;   0.0;0.000;0.000;409.500;  0.000;  0.000;  0.000;0.0000;1.00;0.00;90.00;28.61;0.200;914.144;-5524.344;3053.973;90.00;0.000;28.608
 -6.00;914.144;-5524.344;3053.973;   0.013;   0.0;0.000;0.000;409.500;  0.000;  0.000;  0.000;0.0000;1.00;0.00;90.00;28.61;0.200;914.144;-5524.344;3053.973;90.00;0.000;28.608
 -5.00;914.144;-5524.344;3053.973;   0.013;   0.0;0.000;0.000;409.500;  0.000;  0.000;  0.000;0.0000;1.00;0.00;90.00;28.61;0.200;914.144;-5524.344;3053.973;90.00;0.000;28.608
 -4.00;914.144;-5524.344;3053.973;   0.013;   0.0;0.000;0.000;408.286;  0.000;  0.000;  0.000;0.5000;0.51;0.00;90.00;28.61;0.200;914.144;-5524.344;3053.973;90.00;0.000;28.608
 -3.00;914.144;-5524.344;3053.973;   0.013;   0.0;0.000;0.000;406.752;  0.000;  0.000;  0.000;0.7500;0.28;0.00;90.00;28.61;0.200;914.144;-5524.344;3053.973;90.00;0.000;28.608
 -2.00;914.144;-5524.344;3053.973;   0.013;   0.0;0.000;0.000;404.612;  0.000;  0.000;  0.000;1.0000;0.37;0.00;90.00;28.61;0.200;914.144;-5524.344;3053.973;90.00;0.000;28.608
 -1.00;914.144;-5524.344;3053.973;   0.013;   0.0;0.000;0.000;402.183;  0.000;  0.000;  0.000;1.0000;0.39;0.00;90.00;28.61;0.200;914.144;-5524.344;3053.973;90.00;0.000;28.608
  0.00;914.144;-5524.344;3053.973;   0.013;   0.0;0.000;0.000;399.754;  0.000;  0.000;  0.000;1.0000;0.40;0.00;90.00;28.61;0.200;914.144;-5524.344;3053.973;90.00;0.000;28.608
  0.10;914.144;-5524.344;3053.973;   0.013;   0.5;0.000;0.000;399.511;  0.000;  0.000;  0.000;1.0000;1.40;0.21;89.79;90.00;0.200;914.184;-5524.338;3053.973;180.00;0.000;28.608
  1.10;914.144;-5524.346;3053.975;   0.015;   4.5;0.000;0.000;397.082;  0.000;  0.000;  0.000;1.0000;1.41;0.20;89.80;90.00;0.200;914.587;-5524.273;3053.975;180.00;0.000;28.608
  2.10;914.145;-5524.352;3053.978;   0.021;   8.5;0.000;0.000;394.654;  0.000;  0.000;  0.000;1.0000;1.42;0.20;89.80;89.99;0.200;914.991;-5524.212;3053.978;180.00;0.000;28.608
  3.10;914.147;-5524.361;3053.983;   0.032;  12.7;0.000;0.000;392.225;  0.000;  0.000;  0.000;1.0000;1.42;0.20;89.80;89.99;0.200;915.396;-5524.154;3053.983;179.99;0.000;28.608
  4.10;914.149;-5524.374;3053.990;   0.047;  16.9;0.000;0.000;389.796;  0.000;  0.000;  0.000;1.0000;1.43;0.20;89.80;89.98;0.200;915.800;-5524.100;3053.990;179.99;0.000;28.608
  5.10;914.152;-5524.390;3053.999;   0.066;  21.2;0.000;0.000;387.367;  0.000;  0.000;  0.000;1.0000;1.44;0.20;89.80;89.98;0.200;916.206;-5524.050;3053.999;179.99;0.000;28.608
  6.10;914.155;-5524.410;3054.010;   0.089;  25.5;0.000;0.000;384.938;  0.000;  0.000;  0.000;1.0000;1.44;0.20;89.80;89.98;0.200;916.612;-5524.003;3054.010;179.99;0.000;28.608
  7.10;914.159;-5524.434;3054.023;   0.116;  29.9;0.000;0.000;382.509;  0.000;  0.000;  0.000;1.0000;1.45;0.20;89.79;89.97;0.200;917.019;-5523.960;3054.023;179.99;0.000;28.608
  8.10;914.163;-5524.462;3054.038;   0.148;  34.4;0.000;0.000;380.080;  0.000;  0.000;  0.000;1.0000;1.46;0.20;89.79;89.97;0.200;917.426;-5523.921;3054.038;179.98;0.000;28.608
  9.10;914.169;-5524.494;3054.055;   0.185;  39.0;0.001;0.000;377.651;  0.000;  0.000;  0.000;1.0000;1.47;0.20;89.79;89.97;0.200;917.834;-5523.886;3054.055;179.98;0.000;28.608
 10.10;914.174;-5524.530;3054.075;   0.226;  43.7;0.001;0.000;375.223;  0.000;  0.000;  0.000;1.0000;1.48;0.20;89.79;89.96;0.200;918.243;-5523.855;3054.075;179.98;0.000;28.608
 11.10;914.181;-5524.570;3054.097;   0.272;  48.4;0.001;0.000;372.794;  0.000;  0.000;  0.000;1.0000;1.49;0.20;89.78;89.96;0.200;918.652;-5523.828;3054.097;179.98;0.000;28.608
 12.10;914.188;-5524.614;3054.121;   0.323;  53.2;0.001;0.000;370.365;  0.000;  0.000;  0.000;1.0000;1.49;0.20;89.78;89.96;0.200;919.062;-5523.805;3054.121;179.98;0.000;28.608
 13.10;914.196;-5524.662;3054.147;   0.378;  58.1;0.001;0.000;367.936;  0.000;  0.000;  0.000;1.0000;1.50;0.20;89.78;89.95;0.200;919.473;-5523.786;3054.147;179.97;0.000;28.608
 14.10;914.205;-5524.714;3054.176;   0.439;  63.1;0.002;0.000;365.507;  0.000;  0.000;  0.000;1.0000;1.51;0.20;89.77;89.95;0.200;919.884;-5523.771;3054.176;179.97;0.000;28.608
 15.10;914.214;-5524.771;3054.207;   0.504;  68.2;0.002;0.000;363.078;  0.000;  0.000;  0.000;1.0000;1.52;0.20;89.77;89.94;0.200;920.297;-5523.761;3054.207;179.97;0.000;28.608
 16.10;914.224;-5524.833;3054.241;   0.575;  73.4;0.002;0.000;360.649;  0.000;  0.000;  0.000;1.0000;1.53;0.20;89.77;89.94;0.200;920.709;-5523.755;3054.241;179.97;0.000;28.608
 17.10;914.234;-5524.898;3054.277;   0.651;  78.7;0.002;0.000;358.221;  0.000;  0.000;  0.000;1.0000;1.54;0.20;89.76;89.94;0.200;921.123;-5523.754;3054.277;179.97;0.000;28.608
 18.10;914.246;-5524.969;3054.316;   0.732;  84.0;0.003;0.000;355.792;  0.000;  0.000;  0.000;1.0000;1.55;0.20;89.76;89.93;0.200;921.537;-5523.757;3054.316;179.96;0.000;28.608
 19.10;914.258;-5525.044;3054.357;   0.819;  89.5;0.003;0.000;353.363;  0.000;  0.000;  0.000;1.0000;1.56;0.20;89.75;89.93;0.200;921.952;-5523.765;3054.357;179.96;0.000;28.608
 20.10;914.271;-5525.124;3054.401;   0.911;  95.0;0.004;0.000;350.934;  0.000;  0.000;  0.000;1.0000;1.57;0.21;89.75;89.93;0.200;922.368;-5523.778;3054.401;179.96;0.000;28.608
 21.10;914.285;-5525.209;3054.448;   1.009; 100.7;0.004;0.000;348.505;  0.000;  0.000;  0.000;1.0000;1.58;0.21;89.74;89.92;0.200;922.785;-5523.796;3054.448;179.96;0.000;28.608
 22.10;914.299;-5525.299;3054.497;   1.112; 106.4;0.004;0.000;346.076;  0.000;  0.000;  0.000;1.0000;1.59;0.21;89.74;89.92;0.200;923.202;-5523.818;3054.497;179.96;0.000;28.608
 23.10;914.314;-5525.393;3054.549;   1.221; 112.3;0.005;0.000;343.647;  0.000;  0.000;  0.000;1.0000;1.60;0.21;89.73;89.92;0.200;923.621;-5523.846;3054.549;179.95;0.000;28.608
 24.10;914.331;-5525.493;3054.604;   1.336; 118.3;0.005;0.000;341.218;  0.000;  0.000;  0.000;1.0000;1.61;0.21;89.73;89.91;0.200;924.040;-5523.878;3054.604;179.95;0.000;28.608
 25.10;914.348;-5525.599;3054.661;   1.458; 124.3;0.006;0.000;338.790;  0.000;  0.000;  0.000;1.0000;1.62;0.21;89.72;89.91;0.200;924.460;-5523.916;3054.661;179.95;0.000;28.608
 26.10;914.365;-5525.709;3054.722;   1.585; 130.5;0.007;0.000;336.361;  0.000;  0.000;  0.000;1.0000;1.63;0.21;89.71;89.90;0.200;924.880;-5523.959;3054.722;179.95;0.000;28.608
 27.10;914.384;-5525.825;3054.786;   1.718; 136.8;0.007;0.000;333.932;  0.000;  0.000;  0.000;1.0000;1.64;0.22;89.71;89.90;0.200;925.302;-5524.007;3054.786;179.95;0.000;28.608
 28.10;914.403;-5525.946;3054.852;   1.858; 143.2;0.008;0.000;331.503;  0.000;  0.000;  0.000;1.0000;1.65;0.22;89.70;89.90;0.200;925.725;-5524.061;3054.852;179.94;0.000;28.608
 29.10;914.424;-5526.073;3054.922;   2.004; 149.7;0.009;0.000;329.074;  0.000;  0.000;  0.000;1.0000;1.67;0.22;89.70;89.89;0.200;926.148;-5524.120;3054.922;179.94;0.000;28.608
 30.10;914.445;-5526.206;3054.995;   2.157; 156.3;0.010;0.000;326.645;  0.000;  0.000;  0.000;1.0000;1.68;0.27;89.69;89.95;0.200;926.572;-5524.185;3054.995;171.41;0.000;28.608
 31.10;914.467;-5526.344;3055.071;   2.317; 162.9;0.010;0.000;324.216;  0.000;  0.000;  0.000;1.0000;1.67;-1.44;89.74;88.79;0.200;926.998;-5524.256;3055.071;7.07;0.000;28.608
 32.10;914.491;-5526.488;3055.150;   2.483; 169.4;0.011;0.000;321.788;  0.000;  0.000;  0.000;1.0000;1.66;-2.52;89.87;87.54;0.200;927.424;-5524.333;3055.150;6.76;0.000;28.608
 33.10;914.516;-5526.638;3055.232;   2.655; 175.9;0.011;0.000;319.359;  0.000;  0.000;  0.000;1.0000;1.65;-3.51;89.76;86.28;0.200;927.853;-5524.414;3055.232;6.67;0.000;28.608
 34.10;914.543;-5526.793;3055.317;   2.834; 182.3;0.010;0.000;316.930;  0.000;  0.000;  0.000;1.0000;1.65;-4.43;89.43;85.02;0.200;928.283;-5524.502;3055.317;6.62;0.000;28.608
 35.10;914.572;-5526.953;3055.406;   3.019; 188.5;0.009;0.000;314.501;  0.000;  0.000;  0.000;0.9987;1.64;-5.27;89.03;83.77;0.200;928.715;-5524.594;3055.406;6.59;0.000;28.608
 36.10;914.603;-5527.118;3055.498;   3.211; 194.6;0.008;0.000;312.093;  0.000;  0.000;  0.000;0.9853;1.61;-6.06;88.57;82.51;0.200;929.150;-5524.691;3055.498;6.57;0.000;28.608
 37.10;914.637;-5527.288;3055.592;   3.408; 200.4;0.010;0.000;309.716;  0.000;  0.000;  0.000;0.9720;1.59;-6.81;88.06;81.26;0.200;929.587;-5524.793;3055.592;6.55;0.000;28.608
 38.10;914.674;-5527.462;3055.690;   3.611; 206.0;0.015;0.000;307.372;  0.000;  0.000;  0.000;0.9587;1.56;-7.52;87.52;80.00;0.200;930.027;-5524.899;3055.690;6.54;0.000;28.608
 39.10;914.714;-5527.640;3055.790;   3.819; 211.3;0.025;0.000;305.061;  0.000;  0.000;  0.000;0.9453;1.53;-8.20;86.94;78.75;0.200;930.470;-5525.010;3055.790;6.54;0.000;28.608
 40.10;914.756;-5527.823;3055.893;   4.033; 216.3;0.037;0.000;302.782;  0.000;  0.000;  0.000;0.9320;1.50;-8.86;86.35;77.49;0.200;930.917;-5525.124;3055.893;6.53;0.000;28.608
 41.10;914.802;-5528.009;3055.999;   4.251; 221.1;0.052;0.000;300.535;  0.000;  0.000;  0.000;0.9187;1.49;-9.49;85.72;76.24;0.200;931.366;-5525.242;3055.999;6.52;0.000;28.608
 42.10;914.852;-5528.198;3056.107;   4.473; 225.9;0.069;0.000;298.321;  0.000;  0.000;  0.000;0.9053;1.48;-10.10;85.07;74.98;0.202;931.819;-5525.363;3056.107;6.52;0.000;28.608
 43.10;914.905;-5528.390;3056.217;   4.700; 230.6;0.090;0.000;296.139;  0.000;  0.000;  0.000;0.8920;1.47;-10.68;84.40;73.73;0.206;932.276;-5525.488;3056.217;6.52;0.000;28.608
 44.10;914.962;-5528.586;3056.330;   4.932; 235.1;0.114;0.000;293.989;  0.000;  0.000;  0.000;0.8787;1.46;-11.25;83.72;72.47;0.210;932.736;-5525.615;3056.330;6.51;0.000;28.608
 45.10;915.022;-5528.784;3056.445;   5.168; 239.6;0.142;0.000;291.872;  0.000;  0.000;  0.000;0.8653;1.45;-11.80;83.01;71.21;0.216;933.200;-5525.745;3056.445;6.51;0.000;28.608
 46.10;915.087;-5528.985;3056.562;   5.407; 244.0;0.173;0.000;289.787;  0.000;  0.000;  0.000;0.8520;1.44;-12.33;82.29;69.96;0.222;933.668;-5525.878;3056.562;6.51;0.000;28.608
 47.10;915.156;-5529.189;3056.682;   5.651; 248.3;0.207;0.000;287.735;  0.000;  0.000;  0.000;0.8387;1.43;-12.86;81.56;68.70;0.228;934.141;-5526.013;3056.682;6.51;0.000;28.608
 48.10;915.229;-5529.395;3056.804;   5.898; 252.5;0.245;0.000;285.715;  0.000;  0.000;  0.000;0.8253;1.42;-13.37;80.82;67.45;0.235;934.617;-5526.151;3056.804;6.50;0.000;28.608
 49.10;915.306;-5529.604;3056.927;   6.149; 256.6;0.288;0.000;283.727;  0.000;  0.000;  0.000;0.8120;1.40;-13.87;80.06;66.19;0.242;935.098;-5526.291;3056.927;6.50;0.000;28.608
 50.10;915.387;-5529.814;3057.053;   6.403; 260.6;0.334;0.000;281.772;  0.000;  0.000;  0.000;0.8000;1.39;-14.26;79.30;65.04;0.250;935.584;-5526.433;3057.053;6.50;0.000;28.608
 51.10;915.474;-5530.027;3057.181;   6.661; 264.6;0.385;0.000;279.829;  0.000;  0.000;  0.000;0.8000;1.40;-13.94;78.53;64.59;0.258;936.074;-5526.577;3057.181;6.50;0.000;28.608
 52.10;915.564;-5530.241;3057.310;   6.922; 268.7;0.439;0.000;277.886;  0.000;  0.000;  0.000;0.8000;1.41;-13.60;77.73;64.13;0.266;936.568;-5526.723;3057.310;6.50;0.000;28.609
 53.10;915.660;-5530.458;3057.442;   7.186; 273.0;0.499;0.000;275.943;  0.000;  0.000;  0.000;0.8000;1.42;-13.24;76.92;63.68;0.276;937.068;-5526.871;3057.442;6.50;0.000;28.609
 54.10;915.761;-5530.676;3057.576;   7.453; 277.4;0.563;0.000;274.000;  0.000;  0.000;  0.000;0.8000;1.43;-12.87;76.10;63.23;0.285;937.573;-5527.020;3057.576;6.49;0.000;28.609
 55.10;915.867;-5530.896;3057.712;   7.724; 282.0;0.632;0.000;272.056;  0.000;  0.000;  0.000;0.8000;1.44;-12.48;75.25;62.77;0.296;938.083;-5527.171;3057.712;6.49;0.000;28.609
 56.10;915.979;-5531.118;3057.850;   7.998; 286.7;0.707;0.000;270.113;  0.000;  0.000;  0.000;0.8000;1.45;-12.08;74.40;62.32;0.306;938.599;-5527.324;3057.850;6.49;0.000;28.609
 57.10;916.097;-5531.341;3057.990;   8.276; 291.5;0.786;0.000;268.170;  0.000;  0.000;  0.000;0.8000;1.46;-11.66;73.52;61.87;0.317;939.120;-5527.479;3057.990;6.49;0.000;28.609
 58.10;916.221;-5531.567;3058.132;   8.557; 296.5;0.872;0.000;266.227;  0.000;  0.000;  0.000;0.8000;1.47;-11.23;72.64;61.42;0.329;939.648;-5527.636;3058.132;6.49;0.000;28.609
 59.10;916.351;-5531.794;3058.276;   8.842; 301.6;0.963;0.000;264.284;  0.000;  0.000;  0.000;0.8000;1.49;-10.79;71.75;60.96;0.340;940.182;-5527.794;3058.276;6.49;0.000;28.609
 60.10;916.487;-5532.023;3058.423;   9.130; 306.9;1.061;0.000;262.341;  0.000;  0.000;  0.000;0.8000;1.50;-10.34;70.84;60.51;0.352;940.722;-5527.953;3058.423;6.49;0.000;28.609
 61.10;916.630;-5532.253;3058.572;   9.421; 312.3;1.165;0.000;260.398;  0.000;  0.000;  0.000;0.8000;1.51;-9.88;69.93;60.06;0.365;941.270;-5528.114;3058.572;6.49;0.000;28.609
 62.10;916.780;-5532.485;3058.723;   9.716; 317.9;1.275;0.000;258.455;  0.000;  0.000;  0.000;0.8000;1.52;-9.42;69.02;59.60;0.377;941.824;-5528.277;3058.723;6.48;0.000;28.609
 63.10;916.937;-5532.719;3058.877;  10.014; 323.6;1.392;0.000;256.512;  0.000;  0.000;  0.000;0.8000;1.53;-8.95;68.09;59.15;0.389;942.385;-5528.441;3058.877;6.48;0.000;28.609
 64.10;917.101;-5532.954;3059.032;  10.316; 329.6;1.516;0.000;254.569;  0.000;  0.000;  0.000;0.8000;1.54;-8.48;67.17;58.70;0.401;942.954;-5528.607;3059.032;6.48;0.000;28.610
 65.10;917.273;-5533.191;3059.191;  10.622; 335.6;1.648;0.000;252.625;  0.000;  0.000;  0.000;0.8013;1.55;-8.00;66.24;58.24;0.413;943.530;-5528.774;3059.191;6.48;0.000;28.610
 66.10;917.453;-5533.429;3059.351;  10.930; 342.0;1.786;0.000;250.662;  0.000;  0.000;  0.000;0.8147;1.58;-7.53;65.32;57.79;0.425;944.114;-5528.942;3059.351;6.48;0.000;28.610
 67.10;917.640;-5533.668;3059.514;  11.243; 348.7;1.933;0.000;248.666;  0.000;  0.000;  0.000;0.8280;1.61;-7.05;64.39;57.34;0.436;944.706;-5529.112;3059.514;6.48;0.000;28.610
 68.10;917.837;-5533.909;3059.680;  11.559; 355.8;2.088;0.000;246.638;  0.000;  0.000;  0.000;0.8413;1.64;-6.58;63.46;56.88;0.445;945.306;-5529.283;3059.680;6.48;0.000;28.610
 69.10;918.041;-5534.152;3059.848;  11.879; 363.3;2.251;0.000;244.578;  0.000;  0.000;  0.000;0.8547;1.67;-6.11;62.53;56.43;0.454;945.915;-5529.455;3059.848;6.48;0.000;28.610
 70.10;918.255;-5534.396;3060.019;  12.203; 371.1;2.422;0.000;242.485;  0.000;  0.000;  0.000;0.8680;1.70;-5.61;61.61;56.01;0.462;946.534;-5529.630;3060.019;6.48;0.000;28.610
 71.10;918.479;-5534.642;3060.193;  12.531; 379.4;2.603;0.000;240.360;  0.000;  0.000;  0.000;0.8813;1.73;-4.90;60.71;55.81;0.470;947.162;-5529.805;3060.193;6.47;0.000;28.611
 72.10;918.712;-5534.890;3060.370;  12.864; 388.0;2.793;0.000;238.202;  0.000;  0.000;  0.000;0.8947;1.76;-4.21;59.82;55.61;0.477;947.799;-5529.983;3060.370;6.47;0.000;28.611
 73.10;918.955;-5535.139;3060.550;  13.202; 397.1;2.992;0.000;236.012;  0.000;  0.000;  0.000;0.9080;1.80;-3.55;58.95;55.41;0.484;948.447;-5530.162;3060.550;6.47;0.000;28.611
 74.10;919.208;-5535.391;3060.733;  13.544; 406.6;3.202;0.000;233.789;  0.000;  0.000;  0.000;0.9213;1.83;-2.90;58.11;55.21;0.489;949.105;-5530.344;3060.733;6.47;0.000;28.611
 75.10;919.472;-5535.645;3060.920;  13.892; 416.4;3.421;0.000;231.535;  0.000;  0.000;  0.000;0.9347;1.86;-2.29;57.28;55.01;0.493;949.773;-5530.527;3060.920;6.47;0.000;28.611
 76.10;919.747;-5535.902;3061.111;  14.245; 426.7;3.651;0.000;229.247;  0.000;  0.000;  0.000;0.9480;1.90;-1.69;56.49;54.81;0.495;950.453;-5530.713;3061.111;6.47;0.000;28.612
 77.10;920.032;-5536.161;3061.305;  14.603; 437.4;3.891;0.000;226.928;  0.000;  0.000;  0.000;0.9613;1.93;-1.13;55.72;54.61;0.496;951.143;-5530.901;3061.305;6.47;0.000;28.612
 78.10;920.330;-5536.422;3061.502;  14.967; 448.6;4.143;0.000;224.576;  0.000;  0.000;  0.000;0.9747;1.97;-0.61;54.98;54.41;0.496;951.845;-5531.091;3061.502;6.47;0.000;28.612
 79.10;920.639;-5536.687;3061.704;  15.337; 460.1;4.405;0.000;222.192;  0.000;  0.000;  0.000;0.9880;2.01;-0.21;54.26;54.21;0.494;952.559;-5531.284;3061.704;6.46;0.000;28.612
 80.10;920.960;-5536.954;3061.910;  15.713; 472.1;4.679;0.000;219.775;  0.000;  0.000;  0.000;1.0000;2.04;0.47;53.58;54.01;0.490;953.285;-5531.480;3061.910;6.46;0.000;28.613
 81.10;921.293;-5537.224;3062.120;  16.096; 484.4;4.964;0.000;217.346;  0.000;  0.000;  0.000;1.0000;2.06;0.91;52.92;53.80;0.485;954.024;-5531.679;3062.120;6.46;0.000;28.613
 82.10;921.639;-5537.498;3062.335;  16.485; 496.9;5.261;0.000;214.917;  0.000;  0.000;  0.000;1.0000;2.07;1.34;52.28;53.60;0.477;954.774;-5531.881;3062.335;6.46;0.000;28.613
 83.10;921.998;-5537.775;3062.553;  16.882; 509.6;5.570;0.000;212.488;  0.000;  0.000;  0.000;1.0000;2.09;1.74;51.67;53.40;0.469;955.538;-5532.086;3062.553;6.46;0.000;28.613
 84.10;922.369;-5538.055;3062.777;  17.284; 522.5;5.892;0.000;210.060;  0.000;  0.000;  0.000;1.0000;2.10;2.13;51.08;53.20;0.459;956.314;-5532.294;3062.777;6.46;0.000;28.614
 85.10;922.753;-5538.338;3063.004;  17.694; 535.7;6.225;0.000;207.631;  0.000;  0.000;  0.000;1.0000;2.12;2.50;50.51;53.00;0.448;957.104;-5532.505;3063.004;6.46;0.000;28.614
 86.10;923.150;-5538.624;3063.236;  18.110; 549.0;6.571;0.000;205.202;  0.000;  0.000;  0.000;1.0000;2.14;2.85;49.96;52.80;0.437;957.906;-5532.719;3063.236;6.45;0.000;28.614
 87.10;923.561;-5538.914;3063.473;  18.534; 562.6;6.929;0.000;202.773;  0.000;  0.000;  0.000;1.0000;2.15;3.18;49.43;52.60;0.424;958.722;-5532.936;3063.473;6.45;0.000;28.615
 88.10;923.985;-5539.207;3063.714;  18.964; 576.4;7.300;0.000;200.344;  0.000;  0.000;  0.000;1.0000;2.17;3.49;48.91;52.40;0.411;959.551;-5533.157;3063.714;6.45;0.000;28.615
 89.10;924.423;-5539.503;3063.960;  19.402; 590.4;7.684;0.000;197.915;  0.000;  0.000;  0.000;1.0000;2.19;3.79;48.42;52.20;0.397;960.395;-5533.380;3063.960;6.45;0.000;28.615
 90.10;924.874;-5539.803;3064.210;  19.847; 604.6;8.082;0.000;195.486;  0.000;  0.000;  0.000;1.0000;2.20;4.07;47.94;52.00;0.383;961.251;-5533.607;3064.210;6.45;0.000;28.616
 91.10;925.340;-5540.107;3064.466;  20.299; 619.1;8.492;0.000;193.058;  0.000;  0.000;  0.000;1.0000;2.22;4.33;47.47;51.80;0.371;962.123;-5533.837;3064.466;6.45;0.000;28.616
 92.10;925.819;-5540.413;3064.726;  20.759; 633.7;8.916;0.000;190.629;  0.000;  0.000;  0.000;1.0000;2.24;4.58;47.02;51.60;0.356;963.008;-5534.071;3064.726;6.45;0.000;28.617
 93.10;926.313;-5540.723;3064.991;  21.226; 648.6;9.353;0.000;188.200;  0.000;  0.000;  0.000;1.0000;2.26;4.81;46.59;51.40;0.342;963.908;-5534.307;3064.991;6.45;0.000;28.617
 94.10;926.822;-5541.037;3065.261;  21.700; 663.7;9.804;0.000;185.771;  0.000;  0.000;  0.000;1.0000;2.27;5.03;46.16;51.19;0.327;964.822;-5534.547;3065.261;6.45;0.000;28.617
 95.10;927.345;-5541.354;3065.536;  22.183; 679.0;10.269;0.000;183.342;  0.000;  0.000;  0.000;1.0000;2.29;5.24;45.75;50.99;0.313;965.751;-5534.790;3065.536;6.44;0.000;28.618
 96.10;927.884;-5541.675;3065.816;  22.673; 694.6;10.748;0.000;180.913;  0.000;  0.000;  0.000;1.0000;2.31;5.44;45.36;50.79;0.300;966.695;-5535.037;3065.816;6.44;0.000;28.618
 97.10;928.437;-5542.000;3066.101;  23.170; 710.3;11.241;0.000;178.484;  0.000;  0.000;  0.000;1.0000;2.33;5.62;44.97;50.59;0.287;967.655;-5535.287;3066.101;6.44;0.000;28.619
 98.10;929.006;-5542.328;3066.391;  23.676; 726.3;11.749;0.000;176.055;  0.000;  0.000;  0.000;1.0000;2.35;5.80;44.60;50.39;0.274;968.629;-5535.541;3066.391;6.44;0.000;28.619
 99.10;929.590;-5542.660;3066.687;  24.190; 742.5;12.271;0.000;173.627;  0.000;  0.000;  0.000;1.0000;2.37;5.96;44.24;50.19;0.261;969.620;-5535.798;3066.687;6.44;0.000;28.620
100.10;930.190;-5542.995;3066.987;  24.711; 759.0;12.809;0.000;171.198;  0.000;  0.000;  0.000;1.0000;2.39;6.09;43.89;49.98;0.249;970.626;-5536.058;3066.987;6.44;0.000;28.620
101.10;930.806;-5543.335;3067.293;  25.241; 775.6;13.361;0.000;168.769;  0.000;  0.000;  0.000;1.0000;2.41;5.74;43.54;49.27;0.237;971.648;-5536.322;3067.293;6.44;0.000;28.621
102.10;931.438;-5543.678;3067.605;  25.779; 792.6;13.928;0.000;166.340;  0.000;  0.000;  0.000;1.0000;2.43;5.39;43.19;48.57;0.226;972.686;-5536.590;3067.605;6.43;0.000;28.621
103.10;932.087;-5544.024;3067.922;  26.325; 809.8;14.511;0.000;163.911;  0.000;  0.000;  0.000;1.0000;2.45;5.04;42.84;47.87;0.215;973.741;-5536.860;3067.922;6.43;0.000;28.622
104.10;932.752;-5544.374;3068.244;  26.879; 827.2;15.111;0.000;161.482;  0.000;  0.000;  0.000;1.0000;2.47;4.69;42.48;47.17;0.206;974.813;-5537.134;3068.244;6.43;0.000;28.623
105.10;933.435;-5544.728;3068.571;  27.442; 844.9;15.726;0.000;159.053;  0.000;  0.000;  0.000;1.0000;2.49;4.35;42.13;46.47;0.200;975.902;-5537.411;3068.571;6.42;0.000;28.623
106.10;934.135;-5545.085;3068.904;  28.012; 862.8;16.358;0.000;156.625;  0.000;  0.000;  0.000;1.0000;2.51;4.01;41.77;45.77;0.200;977.008;-5537.691;3068.904;6.42;0.000;28.624
107.10;934.853;-5545.444;3069.243;  28.590; 881.0;17.007;0.000;154.196;  0.000;  0.000;  0.000;1.0000;2.53;3.67;41.41;45.07;0.200;978.133;-5537.975;3069.243;6.42;0.000;28.624
108.10;935.589;-5545.807;3069.587;  29.177; 899.5;17.673;0.000;151.767;  0.000;  0.000;  0.000;1.0000;2.55;3.33;41.05;44.37;0.200;979.276;-5538.260;3069.587;6.41;0.000;28.625
109.10;936.343;-5546.173;3069.936;  29.771; 918.2;18.357;0.000;149.338;  0.000;  0.000;  0.000;1.0000;2.57;2.99;40.69;43.67;0.200;980.437;-5538.549;3069.936;6.41;0.000;28.626
110.10;937.116;-5546.542;3070.291;  30.373; 937.2;19.059;0.000;146.909;  0.000;  0.000;  0.000;1.0000;2.59;2.66;40.32;42.97;0.200;981.617;-5538.840;3070.291;6.41;0.000;28.626
111.10;937.909;-5546.913;3070.651;  30.983; 956.5;19.779;0.000;144.480;  0.000;  0.000;  0.000;1.0000;2.62;2.33;39.95;42.27;0.200;982.816;-5539.133;3070.651;6.40;0.000;28.627
112.10;938.721;-5547.287;3071.017;  31.601; 976.1;20.518;0.000;142.051;  0.000;  0.000;  0.000;1.0000;2.64;2.00;39.58;41.57;0.200;984.035;-5539.429;3071.017;6.40;0.000;28.628
113.10;939.553;-5547.663;3071.388;  32.226; 995.9;21.276;0.000;139.622;  0.000;  0.000;  0.000;1.0000;2.66;1.68;39.21;40.87;0.200;985.274;-5539.726;3071.388;6.40;0.000;28.629
114.10;940.405;-5548.042;3071.765;  32.859;1016.0;22.053;0.000;137.194;  0.000;  0.000;  0.000;1.0000;2.69;1.35;38.83;40.17;0.200;986.533;-5540.026;3071.765;6.40;0.000;28.629
115.10;941.277;-5548.422;3072.147;  33.499;1036.4;22.850;0.000;134.765;  0.000;  0.000;  0.000;0.9973;2.71;1.03;38.46;39.47;0.200;987.812;-5540.327;3072.147;6.39;0.000;28.630
116.10;942.170;-5548.805;3072.535;  34.147;1057.0;23.667;0.000;132.377;  0.000;  0.000;  0.000;0.9707;2.71;0.72;38.08;38.77;0.200;989.113;-5540.629;3072.535;6.39;0.000;28.631
117.10;943.085;-5549.189;3072.927;  34.802;1077.7;24.505;0.000;130.053;  0.000;  0.000;  0.000;0.9440;2.71;0.42;37.70;38.07;0.200;990.435;-5540.933;3072.927;6.39;0.000;28.632
118.10;944.021;-5549.574;3073.326;  35.464;1098.4;25.363;0.000;127.794;  0.000;  0.000;  0.000;0.9173;2.72;0.21;37.31;37.37;0.200;991.778;-5541.239;3073.326;6.39;0.000;28.632
119.10;944.978;-5549.960;3073.729;  36.133;1119.2;26.242;0.000;125.600;  0.000;  0.000;  0.000;0.8907;2.72;-0.33;36.93;36.67;0.200;993.142;-5541.544;3073.729;6.38;0.000;28.633
120.10;945.957;-5550.348;3074.137;  36.808;1140.1;27.142;0.000;123.471;  0.000;  0.000;  0.000;0.8640;2.72;-0.60;36.54;35.97;0.200;994.529;-5541.851;3074.137;6.38;0.000;28.634
121.10;946.957;-5550.736;3074.551;  37.489;1161.0;28.063;0.000;121.406;  0.000;  0.000;  0.000;0.8373;2.72;-0.90;36.15;35.27;0.200;995.937;-5542.157;3074.551;6.38;0.000;28.635
122.10;947.980;-5551.124;3074.969;  38.177;1182.0;29.005;0.000;119.407;  0.000;  0.000;  0.000;0.8107;2.72;-1.21;35.76;34.57;0.200;997.367;-5542.464;3074.969;6.38;0.000;28.636
123.10;949.024;-5551.512;3075.392;  38.870;1203.0;29.969;0.000;117.472;  0.000;  0.000;  0.000;0.7840;2.72;-1.52;35.37;33.87;0.200;998.819;-5542.770;3075.392;6.38;0.000;28.637
124.10;950.091;-5551.901;3075.820;  39.568;1224.1;30.955;0.000;115.601;  0.000;  0.000;  0.000;0.7573;2.72;-1.82;34.98;33.17;0.200;1000.293;-5543.076;3075.820;6.37;0.000;28.638
125.10;951.180;-5552.288;3076.252;  40.272;1245.3;31.962;0.000;113.796;  0.000;  0.000;  0.000;0.7307;2.72;-2.13;34.58;32.47;0.200;1001.790;-5543.381;3076.252;6.37;0.000;28.639
126.10;952.292;-5552.675;3076.688;  40.981;1266.5;32.992;0.000;112.055;  0.000;  0.000;  0.000;0.7040;2.72;-2.43;34.19;31.77;0.200;1003.309;-5543.684;3076.688;6.37;0.000;28.640
127.10;953.426;-5553.061;3077.129;  41.694;1287.8;34.044;0.000;110.379;  0.000;  0.000;  0.000;0.6773;2.72;-2.74;33.79;31.07;0.200;1004.851;-5543.986;3077.129;6.37;0.000;28.641
128.10;954.583;-5553.446;3077.574;  42.412;1309.1;35.118;0.000;108.768;  0.000;  0.000;  0.000;0.6507;2.72;-3.04;33.40;30.37;0.200;1006.416;-5544.287;3077.574;6.37;0.000;28.642
129.10;955.763;-5553.829;3078.023;  43.135;1330.5;36.215;0.000;107.222;  0.000;  0.000;  0.000;0.6240;2.72;-3.34;33.00;29.67;0.200;1008.004;-5544.586;3078.023;6.36;0.000;28.643
130.10;956.965;-5554.210;3078.477;  43.861;1351.9;37.334;0.000;105.740;  0.000;  0.000;  0.000;0.6000;2.72;-3.64;32.61;28.97;0.200;1009.614;-5544.882;3078.477;6.36;0.000;28.644
131.10;958.191;-5554.590;3078.934;  44.591;1373.5;38.476;0.000;104.282;  0.000;  0.000;  0.000;0.6000;2.75;-3.95;32.21;28.27;0.200;1011.248;-5545.176;3078.934;6.36;0.000;28.645
132.10;959.441;-5554.966;3079.394;  45.324;1395.3;39.642;0.000;102.825;  0.000;  0.000;  0.000;0.6000;2.77;-4.25;31.81;27.57;0.200;1012.905;-5545.467;3079.394;6.36;0.000;28.646
133.10;960.714;-5555.341;3079.859;  46.060;1417.5;40.830;0.000;101.368;  0.000;  0.000;  0.000;0.6000;2.80;-4.55;31.41;26.87;0.200;1014.586;-5545.755;3079.859;6.36;0.000;28.647
134.10;962.011;-5555.712;3080.327;  46.800;1439.9;42.043;0.000;99.910;  0.000;  0.000;  0.000;0.6000;2.82;-4.85;31.01;26.17;0.200;1016.291;-5546.040;3080.327;6.35;0.000;28.648
135.10;963.332;-5556.080;3080.799;  47.543;1462.7;43.280;0.000;98.453;  0.000;  0.000;  0.000;0.6000;2.85;-5.14;30.61;25.47;0.200;1018.021;-5546.321;3080.799;6.35;0.000;28.650
136.10;964.678;-5556.445;3081.274;  48.288;1485.7;44.542;0.000;96.996;  0.000;  0.000;  0.000;0.6000;2.87;-5.44;30.20;24.77;0.200;1019.775;-5546.598;3081.274;6.35;0.000;28.651
137.10;966.049;-5556.807;3081.753;  49.037;1509.1;45.828;0.000;95.539;  0.000;  0.000;  0.000;0.6000;2.90;-5.74;29.80;24.07;0.200;1021.554;-5546.872;3081.753;6.35;0.000;28.652
138.10;967.446;-5557.165;3082.236;  49.787;1532.7;47.140;0.000;94.081;  0.000;  0.000;  0.000;0.6000;2.93;-6.03;29.39;23.37;0.200;1023.359;-5547.141;3082.236;6.35;0.000;28.653
139.10;968.869;-5557.518;3082.721;  50.540;1556.7;48.478;0.000;92.624;  0.000;  0.000;  0.000;0.6000;2.95;-6.33;28.99;22.67;0.200;1025.189;-5547.405;3082.721;6.35;0.000;28.654
140.10;970.317;-5557.867;3083.211;  51.295;1581.0;49.842;0.000;91.167;  0.000;  0.000;  0.000;0.6000;2.98;-6.59;28.58;22.00;0.200;1027.046;-5547.665;3083.211;6.34;0.000;28.656
141.10;971.792;-5558.212;3083.703;  52.052;1605.6;51.232;0.000;89.709;  0.000;  0.000;  0.000;0.6000;3.01;-5.69;28.19;22.50;0.200;1028.929;-5547.919;3083.703;6.08;0.000;28.657
142.10;973.293;-5558.552;3084.199;  52.811;1630.7;52.648;0.000;88.252;  0.000;  0.000;  0.000;0.6000;3.04;-5.30;27.81;22.51;0.200;1030.838;-5548.169;3084.199;6.07;0.000;28.658
143.10;974.822;-5558.888;3084.698;  53.572;1656.1;54.092;0.000;86.795;  0.000;  0.000;  0.000;0.6000;3.07;-4.91;27.44;22.53;0.200;1032.775;-5548.414;3084.698;6.06;0.000;28.660
144.10;976.378;-5559.220;3085.200;  54.336;1681.8;55.563;0.000;85.337;  0.000;  0.000;  0.000;0.6000;3.10;-4.54;27.08;22.55;0.200;1034.739;-5548.654;3085.200;6.05;0.000;28.661
145.10;977.961;-5559.548;3085.707;  55.102;1707.9;57.061;0.000;83.880;  0.000;  0.000;  0.000;0.6000;3.13;-4.17;26.73;22.56;0.200;1036.730;-5548.890;3085.707;6.04;0.000;28.663
146.10;979.572;-5559.871;3086.217;  55.872;1734.4;58.586;0.000;82.423;  0.000;  0.000;  0.000;0.6000;3.17;-3.82;26.40;22.58;0.200;1038.749;-5549.120;3086.217;6.04;0.000;28.664
147.10;981.211;-5560.191;3086.730;  56.644;1761.3;60.140;0.000;80.965;  0.000;  0.000;  0.000;0.6000;3.20;-3.48;26.07;22.60;0.200;1040.796;-5549.346;3086.730;6.03;0.000;28.665
148.10;982.879;-5560.506;3087.248;  57.419;1788.6;61.722;0.000;79.508;  0.000;  0.000;  0.000;0.6000;3.23;-3.14;25.76;22.62;0.200;1042.872;-5549.568;3087.248;6.02;0.000;28.667
149.10;984.575;-5560.817;3087.769;  58.197;1814.5;63.332;0.000;78.196;  0.000;  0.000;  0.000;0.0000;1.48;-2.82;25.45;22.63;0.200;1044.976;-5549.784;3087.769;6.01;0.000;28.668
150.10;986.291;-5561.123;3088.292;  58.975;1825.0;64.962;0.000;78.196;  0.000;  0.000;  0.000;0.0000;1.49;-2.54;25.18;22.64;0.200;1047.099;-5549.995;3088.292;6.00;0.000;28.670
151.10;988.019;-5561.423;3088.814;  59.749;1835.5;66.605;0.000;78.196;  0.000;  0.000;  0.000;0.0000;1.50;-2.42;24.91;22.49;0.200;1049.235;-5550.200;3088.814;6.00;0.000;28.671
152.10;989.759;-5561.717;3089.335;  60.520;1846.2;68.260;0.000;78.196;  0.000;  0.000;  0.000;0.0000;1.51;-2.31;24.64;22.33;0.200;1051.384;-5550.397;3089.335;6.00;0.000;28.673
153.10;991.513;-5562.004;3089.856;  61.288;1855.7;69.929;0.422;78.196;3094.810;  0.000;  0.000;0.0000;0.07;-6.32;24.38;18.06;0.200;1053.545;-5550.589;3089.856;5.97;0.000;28.675
154.10;993.270;-5562.284;3090.373;  62.050;1851.8;71.603;0.378;78.196;3094.810;  0.000;  0.000;0.0000;0.01;-6.06;24.13;18.08;0.200;1055.710;-5550.772;3090.373;5.96;0.000;28.676
155.10;995.026;-5562.556;3090.886;  62.802;1847.9;73.276;0.338;78.196;3094.810;  0.000;  0.000;0.0000;0.01;-5.79;23.88;18.09;0.200;1057.874;-5550.947;3090.886;5.95;0.000;28.678
156.10;996.781;-5562.821;3091.395;  63.545;1844.0;74.949;0.303;78.196;3094.810;  0.000;  0.000;0.0000;0.00;-5.52;23.64;18.11;0.200;1060.037;-5551.115;3091.395;5.94;0.000;28.679
157.10;998.534;-5563.077;3091.899;  64.280;1840.1;76.622;0.272;78.196;3094.810;  0.000;  0.000;0.0000;0.00;-5.26;23.39;18.13;0.200;1062.197;-5551.273;3091.899;5.93;0.000;28.681
158.10;1000.286;-5563.325;3092.398;  65.006;1836.4;78.293;0.245;78.196;3094.810;  0.000;  0.000;0.0000;0.00;-4.99;23.14;18.15;0.200;1064.356;-5551.424;3092.398;5.92;0.000;28.682
159.10;1002.036;-5563.565;3092.893;  65.723;1832.6;79.965;0.220;78.196;3094.810;  0.000;  0.000;0.0000;0.00;-4.71;22.88;18.17;0.200;1066.514;-5551.566;3092.893;5.91;0.000;28.684
160.10;1003.784;-5563.798;3093.383;  66.431;1828.9;81.636;0.199;78.196;3094.810;  0.000;  0.000;0.0000;0.00;-3.69;22.63;18.94;0.200;1068.670;-5551.700;3093.383;5.85;0.000;28.685
161.10;1005.531;-5564.022;3093.869;  67.130;1825.2;83.306;0.179;78.196;3094.810;  0.000;  0.000;0.0000;0.01;11.75;22.37;34.09;0.200;1070.824;-5551.826;3093.869;4.79;0.000;28.687
162.10;1007.276;-5564.238;3094.349;  67.820;1821.6;84.976;0.162;78.196;3094.810;  0.000;  0.000;0.0000;0.01;27.19;22.12;49.23;0.200;1072.977;-5551.944;3094.349;3.26;0.000;28.688
163.10;1009.020;-5564.447;3094.826;  68.501;1818.0;86.646;0.147;78.196;3094.810;  0.000;  0.000;0.0000;0.02;42.62;21.85;64.32;0.200;1075.128;-5552.053;3094.826;0.32;0.000;28.690
164.10;1010.763;-5564.646;3095.297;  69.173;1814.5;88.315;0.133;78.196;3094.810;  0.000;  0.000;0.0000;0.02;58.06;21.59;79.21;0.200;1077.277;-5552.154;3095.297;-9.96;0.000;28.691
165.10;1012.503;-5564.838;3095.764;  69.835;1811.0;89.984;0.120;78.196;3094.810;  0.000;  0.000;0.0000;0.02;73.50;21.32;84.20;0.200;1079.425;-5552.246;3095.764;-140.01;0.000;28.693
166.10;1014.243;-5565.022;3096.226;  70.489;1807.5;91.652;0.109;78.196;3094.810;  0.000;  0.000;0.0000;0.02;88.95;21.06;69.73;0.200;1081.572;-5552.330;3096.226;-164.43;0.000;28.694
167.10;1015.981;-5565.197;3096.684;  71.134;1804.1;93.321;0.100;78.196;3094.810;  0.000;  0.000;0.0000;0.02;-75.61;20.79;54.66;0.200;1083.716;-5552.405;3096.684;-168.58;0.000;28.696
168.10;1017.717;-5565.365;3097.137;  71.770;1800.7;94.988;0.091;78.196;3094.810;  0.000;  0.000;0.0000;0.01;-60.17;20.52;39.54;0.200;1085.860;-5552.472;3097.137;-170.44;0.000;28.697
169.10;1019.452;-5565.524;3097.585;  72.396;1797.4;96.656;0.083;78.196;3094.810;  0.000;  0.000;0.0000;0.01;-44.73;20.26;24.39;0.200;1088.001;-5552.531;3097.585;-171.62;0.000;28.699
170.10;1021.186;-5565.675;3098.029;  73.014;1794.1;98.323;0.076;78.196;3094.810;  0.000;  0.000;0.0000;0.01;-30.04;19.99;10.00;0.200;1090.141;-5552.581;3098.029;-172.50;0.000;28.700
171.10;1022.917;-5565.818;3098.467;  73.622;1790.5;99.990;0.069;78.171;3095.560;  0.000;  0.000;0.9500;0.76;-29.57;19.73;9.79;0.200;1092.280;-5552.623;3098.467;-172.61;0.000;28.702
172.10;1024.644;-5565.955;3098.902;  74.223;1780.8;101.652;0.063;77.914;3103.069;  0.000;  0.000;0.9500;0.76;-29.40;19.58;9.77;0.200;1094.413;-5552.658;3098.902;-172.62;0.000;28.703
173.10;1026.362;-5566.086;3099.331;  74.815;1770.3;103.306;0.057;77.606;3112.117;  0.000;  0.000;0.9550;2.32;-29.25;19.44;9.76;0.200;1096.537;-5552.688;3099.331;-172.64;0.000;28.705
174.10;1028.063;-5566.216;3099.755;  75.402;1747.3;104.944;0.051;76.833;3134.943;  0.000;  0.000;0.9550;2.34;-29.32;19.53;9.74;0.200;1098.645;-5552.717;3099.755;-172.65;0.000;28.706
175.10;1029.742;-5566.347;3100.174;  75.983;1724.0;106.560;0.046;76.060;3157.940;  0.000;  0.000;0.9550;2.35;-29.40;19.63;9.72;0.200;1100.730;-5552.746;3100.174;-172.66;0.000;28.708
176.10;1031.398;-5566.478;3100.588;  76.560;1700.6;108.153;0.041;75.287;3181.112;  0.000;  0.000;0.9550;2.37;-29.48;19.73;9.70;0.200;1102.792;-5552.775;3100.588;-172.67;0.000;28.709
177.10;1033.030;-5566.610;3100.996;  77.131;1677.1;109.723;0.037;74.514;3204.462;  0.000;  0.000;0.9550;2.39;-29.57;19.83;9.68;0.200;1104.831;-5552.806;3100.996;-172.68;0.000;28.710
178.10;1034.640;-5566.743;3101.399;  77.697;1653.4;111.269;0.033;73.740;3227.990;  0.000;  0.000;0.9550;2.41;-29.66;19.94;9.67;0.200;1106.847;-5552.838;3101.399;-172.69;0.000;28.712
179.10;1036.226;-5566.878;3101.797;  78.259;1629.6;112.793;0.030;72.967;3251.702;  0.000;  0.000;0.9550;2.43;-29.76;20.06;9.65;0.200;1108.840;-5552.871;3101.797;-172.69;0.000;28.713
180.10;1037.789;-5567.013;3102.190;  78.815;1605.6;114.292;0.027;72.194;3275.598;  0.000;  0.000;0.9550;2.45;-29.87;20.18;9.63;0.200;1110.810;-5552.904;3102.190;-172.70;0.000;28.714
181.10;1039.328;-5567.149;3102.577;  79.366;1581.4;115.768;0.024;71.421;3299.683;  0.000;  0.000;0.9550;2.47;-29.99;20.31;9.62;0.200;1112.755;-5552.940;3102.577;-172.71;0.000;28.716
182.10;1040.843;-5567.287;3102.959;  79.912;1557.1;117.221;0.021;70.648;3323.960;  0.000;  0.000;0.9550;2.49;-30.11;20.44;9.60;0.200;1114.677;-5552.976;3102.959;-172.72;0.000;28.717
183.10;1042.335;-5567.426;3103.335;  80.454;1532.6;118.649;0.019;69.874;3348.430;  0.000;  0.000;0.9550;2.51;-30.24;20.59;9.58;0.200;1116.575;-5553.014;3103.335;-172.73;0.000;28.718
184.10;1043.801;-5567.567;3103.707;  80.990;1507.9;120.053;0.017;69.101;3373.098;  0.000;  0.000;0.9550;2.53;-30.37;20.74;9.57;0.200;1118.448;-5553.053;3103.707;-172.74;0.000;28.719
185.10;1045.244;-5567.708;3104.073;  81.521;1483.1;121.433;0.016;68.328;3397.967;  0.000;  0.000;0.9550;2.55;-30.52;20.90;9.55;0.200;1120.298;-5553.094;3104.073;-172.75;0.000;28.720
186.10;1046.662;-5567.852;3104.433;  82.048;1458.2;122.788;0.014;67.555;3423.039;  0.000;  0.000;0.9550;2.57;-30.67;21.07;9.53;0.200;1122.122;-5553.136;3104.433;-172.76;0.000;28.721
187.10;1048.055;-5567.997;3104.788;  82.569;1433.0;124.118;0.013;66.782;3448.319;  0.000;  0.000;0.9550;2.59;-30.84;21.24;9.52;0.200;1123.922;-5553.180;3104.788;-172.77;0.000;28.722
188.10;1049.423;-5568.144;3105.138;  83.086;1407.7;125.424;0.011;66.008;3473.810;  0.000;  0.000;0.9550;2.61;-31.01;21.43;9.50;0.200;1125.697;-5553.226;3105.138;-172.78;0.000;28.723
189.10;1050.766;-5568.292;3105.483;  83.598;1382.2;126.704;0.010;65.235;3499.515;  0.000;  0.000;0.9550;2.63;-31.20;21.63;9.49;0.200;1127.447;-5553.274;3105.483;-172.78;0.000;28.724
190.10;1052.083;-5568.442;3105.822;  84.105;1356.5;127.959;0.009;64.462;3525.439;  0.000;  0.000;0.9550;2.66;-31.39;21.84;9.47;0.200;1129.171;-5553.324;3105.822;-172.79;0.000;28.725
191.10;1053.375;-5568.594;3106.156;  84.607;1330.7;129.188;0.008;63.689;3551.583;  0.000;  0.000;0.9550;2.68;-31.60;22.06;9.46;0.200;1130.870;-5553.376;3106.156;-172.80;0.000;28.726
192.10;1054.641;-5568.749;3106.484;  85.104;1304.7;130.391;0.007;62.916;3577.954;  0.000;  0.000;0.9550;2.70;-31.83;22.30;9.44;0.200;1132.543;-5553.430;3106.484;-172.81;0.000;28.727
193.10;1055.881;-5568.905;3106.808;  85.596;1278.5;131.569;0.006;62.143;3604.554;  0.000;  0.000;0.9550;2.73;-32.07;22.54;9.43;0.200;1134.190;-5553.486;3106.808;-172.82;0.000;28.728
194.10;1057.095;-5569.064;3107.125;  86.084;1252.1;132.720;0.000;61.369;3631.387;  0.000;  0.000;0.9550;2.75;-32.32;22.81;9.42;0.200;1135.811;-5553.545;3107.125;-172.82;0.000;28.729
195.10;1058.282;-5569.224;3107.438;  86.567;1225.6;133.845;0.000;60.596;3658.458;  0.000;  0.000;0.9550;2.77;-32.59;23.09;9.40;0.200;1137.406;-5553.606;3107.438;-172.83;0.000;28.730
196.10;1059.443;-5569.387;3107.745;  87.045;1198.9;134.943;0.000;59.823;3685.771;  0.000;  0.000;0.9550;2.80;-32.88;23.39;9.39;0.200;1138.973;-5553.669;3107.745;-172.84;0.000;28.730
197.10;1060.577;-5569.553;3108.046;  87.519;1172.0;136.014;0.000;59.050;3713.330;  0.000;  0.000;0.9550;2.82;-33.19;23.71;9.38;0.200;1140.514;-5553.735;3108.046;-172.85;0.000;28.731
198.10;1061.683;-5569.721;3108.342;  87.987;1144.9;137.058;0.000;58.277;3741.140;  0.000;  0.000;0.9550;2.85;-33.52;24.05;9.36;0.200;1142.028;-5553.804;3108.342;-172.85;0.000;28.732
199.10;1062.763;-5569.892;3108.633;  88.452;1117.7;138.075;0.000;57.503;3769.205;  0.000;  0.000;0.9550;2.88;-33.88;24.41;9.35;0.200;1143.515;-5553.876;3108.633;-172.86;0.000;28.733
200.10;1063.814;-5570.065;3108.919;  88.911;1090.3;139.064;0.000;56.730;3797.530;  0.000;  0.000;0.9550;2.90;-34.26;24.80;9.34;0.200;1144.974;-5553.951;3108.919;-172.87;0.000;28.733
201.10;1064.838;-5570.242;3109.199;  89.366;1062.7;140.026;0.000;55.957;3826.120;  0.000;  0.000;0.9550;2.93;-34.67;25.21;9.32;0.200;1146.405;-5554.029;3109.199;-172.88;0.000;28.734
202.10;1065.833;-5570.421;3109.473;  89.816;1035.0;140.959;0.000;55.184;3854.980;  0.000;  0.000;0.9550;2.96;-35.10;25.66;9.31;0.200;1147.808;-5554.109;3109.473;-172.88;0.000;28.734
203.10;1066.801;-5570.603;3109.742;  90.262;1007.1;141.863;0.000;54.411;3884.115;  0.000;  0.000;0.9550;2.99;-35.58;26.13;9.30;0.200;1149.183;-5554.194;3109.742;-172.89;0.000;28.735
204.10;1067.739;-5570.788;3110.006;  90.703; 979.0;142.740;0.000;53.637;3913.530;  0.000;  0.000;0.9550;3.02;-36.08;26.65;9.29;0.200;1150.529;-5554.281;3110.006;-172.90;0.000;28.736
205.10;1068.649;-5570.977;3110.264;  91.140; 950.8;143.587;0.000;52.864;3943.231;  0.000;  0.000;0.9550;3.04;-36.63;27.20;9.28;0.200;1151.846;-5554.372;3110.264;-172.90;0.000;28.736
206.10;1069.529;-5571.169;3110.517;  91.572; 922.5;144.405;0.000;52.091;3973.224;  0.000;  0.000;0.9550;3.07;-37.23;27.79;9.27;0.200;1153.135;-5554.467;3110.517;-172.91;0.000;28.736
207.10;1070.380;-5571.364;3110.764;  92.000; 894.0;145.193;0.000;51.318;4003.514;  0.000;  0.000;0.9550;3.11;-37.87;28.44;9.26;0.200;1154.394;-5554.565;3110.764;-172.91;0.000;28.737
208.10;1071.202;-5571.563;3111.006;  92.423; 865.4;145.952;0.000;50.545;4034.106;  0.000;  0.000;0.9550;3.14;-38.56;29.13;9.25;0.200;1155.623;-5554.667;3111.006;-172.92;0.000;28.737
209.10;1071.993;-5571.765;3111.242;  92.842; 836.7;146.681;0.000;49.772;4065.009;  0.000;  0.000;0.9550;3.17;-39.32;29.89;9.24;0.200;1156.822;-5554.773;3111.242;-172.93;0.000;28.738
210.10;1072.754;-5571.971;3111.473;  93.257; 807.9;147.380;0.000;48.998;4096.226;  0.000;  0.000;0.9550;3.20;-40.15;30.71;9.23;0.200;1157.992;-5554.883;3111.473;-172.93;0.000;28.738
211.10;1073.485;-5572.181;3111.699;  93.667; 779.1;148.047;0.000;48.225;4127.766;  0.000;  0.000;0.9550;3.23;-41.05;31.61;9.22;0.200;1159.130;-5554.998;3111.699;-172.94;0.000;28.738
212.10;1074.184;-5572.396;3111.918;  94.073; 750.2;148.684;0.000;47.452;4159.635;  0.000;  0.000;0.9550;3.27;-42.04;32.59;9.21;0.213;1160.238;-5555.117;3111.918;-172.94;0.000;28.738
213.10;1074.853;-5572.614;3112.133;  94.475; 721.3;149.290;0.000;46.679;4191.839;  0.000;  0.000;0.9550;3.30;-43.12;33.67;9.20;0.234;1161.315;-5555.240;3112.133;-172.95;0.000;28.739
214.10;1075.489;-5572.836;3112.342;  94.873; 692.5;149.864;0.000;45.906;4224.386;  0.000;  0.000;0.9550;3.34;-44.32;34.85;9.19;0.257;1162.360;-5555.368;3112.342;-172.95;0.000;28.739
215.10;1076.095;-5573.063;3112.545;  95.267; 663.7;150.406;0.000;45.132;4257.284;  0.000;  0.000;0.9550;3.37;-45.64;36.16;9.18;0.282;1163.374;-5555.500;3112.545;-172.96;0.000;28.739
216.10;1076.667;-5573.294;3112.743;  95.656; 635.1;150.916;0.000;44.359;4290.539;  0.000;  0.000;0.9550;3.41;-47.10;37.60;9.17;0.309;1164.355;-5555.638;3112.743;-172.96;0.000;28.739
217.10;1077.208;-5573.530;3112.935;  96.042; 606.7;151.393;0.000;43.586;4324.160;  0.000;  0.000;0.9550;3.45;-48.73;39.21;9.16;0.337;1165.305;-5555.780;3112.935;-172.97;0.000;28.739
218.10;1077.715;-5573.771;3113.121;  96.423; 578.6;151.838;0.000;42.813;4358.155;  0.000;  0.000;0.9550;3.49;-50.54;40.99;9.16;0.367;1166.221;-5555.928;3113.121;-172.97;0.000;28.739
219.10;1078.190;-5574.017;3113.302;  96.800; 550.9;152.249;0.000;42.040;4392.532;  0.000;  0.000;0.9550;3.53;-52.57;42.98;9.15;0.396;1167.104;-5556.081;3113.302;-172.97;0.000;28.739
220.10;1078.630;-5574.267;3113.478;  97.174; 523.7;152.626;0.000;41.266;4427.300;  0.000;  0.000;0.9550;3.57;-54.84;45.21;9.14;0.425;1167.954;-5556.239;3113.478;-172.98;0.000;28.739
221.10;1079.037;-5574.523;3113.648;  97.544; 497.2;152.970;0.000;40.493;4462.469;  0.000;  0.000;0.9550;3.61;-57.40;47.72;9.14;0.450;1168.770;-5556.403;3113.648;-172.98;0.000;28.739
222.10;1079.410;-5574.784;3113.812;  97.910; 471.7;153.279;0.000;39.720;4498.046;  0.000;  0.000;0.9550;3.65;-60.28;50.53;9.13;0.471;1169.552;-5556.573;3113.812;-172.99;0.000;28.739
223.10;1079.747;-5575.051;3113.970;  98.272; 447.3;153.553;0.000;38.947;4534.043;  0.000;  0.000;0.9550;3.69;-63.53;53.68;9.12;0.487;1170.299;-5556.749;3113.970;-172.99;0.000;28.739
224.10;1080.050;-5575.323;3114.123;  98.630; 424.3;153.792;0.000;38.174;4570.468;  0.000;  0.000;0.9550;3.74;-67.20;57.22;9.12;0.495;1171.012;-5556.931;3114.123;-172.99;0.000;28.739
225.10;1080.317;-5575.602;3114.271;  98.985; 403.1;153.995;0.000;37.400;4607.333;  0.000;  0.000;0.9550;3.78;-71.32;61.16;9.11;0.496;1171.689;-5557.119;3114.271;-173.00;0.000;28.738
226.10;1080.549;-5575.886;3114.412;  99.336; 384.1;154.162;0.000;36.627;4644.647;  0.000;  0.000;0.9550;3.83;-75.95;65.52;9.11;0.491;1172.330;-5557.314;3114.412;-173.00;0.000;28.738
227.10;1080.744;-5576.176;3114.548;  99.684; 367.8;154.293;0.000;35.854;4682.423;  0.000;  0.000;0.9550;3.88;-81.09;70.21;9.10;0.482;1172.935;-5557.515;3114.548;-173.00;0.000;28.738
228.10;1080.902;-5576.472;3114.679; 100.028; 354.7;154.386;0.000;35.081;4720.671;  0.000;  0.000;0.9550;3.93;-86.73;75.04;9.10;0.471;1173.504;-5557.723;3114.679;-173.00;0.000;28.737
229.10;1081.023;-5576.775;3114.803; 100.369; 345.3;154.442;0.000;34.308;4759.404;  0.000;  0.000;0.9550;3.98;-87.18;79.34;9.09;0.462;1174.035;-5557.939;3114.803;-173.01;0.000;28.737
230.10;1081.107;-5577.085;3114.922; 100.707; 340.0;154.461;0.000;33.535;4798.635;  0.000;  0.000;0.9550;4.03;-80.74;81.21;9.09;0.456;1174.529;-5558.161;3114.922;-173.01;0.000;28.737
231.10;1081.152;-5577.401;3115.035; 101.041; 339.3;154.441;0.000;32.761;4838.375;  0.000;  0.000;0.9550;4.08;-74.11;78.77;9.09;0.455;1174.985;-5558.391;3115.035;-173.01;0.000;28.736
232.10;1081.159;-5577.725;3115.143; 101.372; 343.4;154.382;0.000;31.988;4878.638;  0.000;  0.000;0.9550;4.13;-67.45;73.78;9.08;0.460;1175.402;-5558.629;3115.143;-173.01;0.000;28.736
233.10;1081.127;-5578.055;3115.245; 101.700; 352.2;154.284;0.000;31.215;4919.439;  0.000;  0.000;0.9550;4.19;-60.96;68.06;9.08;0.469;1175.781;-5558.874;3115.245;-173.02;0.000;28.735
234.10;1081.055;-5578.393;3115.340; 102.026; 365.6;154.146;0.000;30.442;4960.792;  0.000;  0.000;0.9550;4.25;-54.79;62.31;9.08;0.481;1176.120;-5559.128;3115.340;-173.02;0.000;28.734
235.10;1080.943;-5578.739;3115.431; 102.348; 383.3;153.967;0.000;29.669;5002.712;  0.000;  0.000;0.9550;4.30;-49.05;56.83;9.08;0.491;1176.420;-5559.389;3115.431;-173.02;0.000;28.734
236.10;1080.790;-5579.093;3115.515; 102.667; 404.9;153.748;0.000;28.895;5045.215;  0.000;  0.000;0.9550;4.37;-43.81;51.77;9.07;0.496;1176.678;-5559.660;3115.515;-173.02;0.000;28.733
237.10;1080.596;-5579.454;3115.593; 102.984; 430.0;153.487;0.000;28.122;5088.317;  0.000;  0.000;0.9550;4.43;-39.08;47.17;9.07;0.493;1176.896;-5559.939;3115.593;-173.02;0.000;28.732
238.10;1080.360;-5579.824;3115.666; 103.298; 458.2;153.184;0.000;27.349;5132.035;  0.000;  0.000;0.9550;4.49;-34.86;43.05;9.07;0.481;1177.072;-5560.227;3115.666;-173.02;0.000;28.732
239.10;1080.082;-5580.202;3115.733; 103.609; 489.2;152.838;0.000;26.576;5176.388;  0.000;  0.000;0.9550;4.56;-31.11;39.37;9.07;0.457;1177.207;-5560.524;3115.733;-173.02;0.000;28.731
240.10;1079.761;-5580.589;3115.794; 103.918; 522.5;152.449;0.000;25.803;5221.394;  0.000;  0.000;0.9550;4.62;-27.78;36.10;9.07;0.426;1177.298;-5560.831;3115.794;-173.02;0.000;28.730
241.10;1079.397;-5580.985;3115.849; 104.225; 558.1;152.016;0.000;25.029;5267.072;  0.000;  0.000;0.9550;4.69;-24.84;33.20;9.07;0.388;1177.346;-5561.147;3115.849;-173.02;0.000;28.729
242.10;1078.988;-5581.390;3115.898; 104.529; 595.5;151.538;0.000;24.256;5313.443;  0.000;  0.000;0.9550;4.77;-22.23;30.63;9.07;0.349;1177.350;-5561.474;3115.898;-173.02;0.000;28.728
243.10;1078.535;-5581.805;3115.941; 104.832; 634.8;151.015;0.000;23.483;5360.528;  0.000;  0.000;0.9550;4.84;-19.91;28.34;9.07;0.309;1177.310;-5561.810;3115.941;-173.02;0.000;28.727
244.10;1078.036;-5582.229;3115.978; 105.132; 675.7;150.446;0.000;22.710;5408.350;  0.000;  0.000;0.9550;4.92;-17.85;26.30;9.08;0.272;1177.224;-5562.158;3115.978;-173.02;0.000;28.726
245.10;1077.491;-5582.664;3116.010; 105.430; 718.0;149.830;0.000;21.937;5456.932;  0.000;  0.000;0.9550;4.99;-16.01;24.48;9.08;0.237;1177.092;-5562.516;3116.010;-173.02;0.000;28.725
246.10;1076.899;-5583.108;3116.035; 105.727; 761.8;149.167;0.000;21.164;5506.299;  0.000;  0.000;0.9550;5.08;-14.36;22.85;9.08;0.206;1176.914;-5562.885;3116.035;-173.02;0.000;28.723
247.10;1076.259;-5583.564;3116.054; 106.022; 807.0;148.455;0.000;20.390;5556.476;  0.000;  0.000;0.9550;5.16;-12.88;21.39;9.08;0.200;1176.688;-5563.266;3116.054;-173.02;0.000;28.722
248.10;1075.586;-5584.024;3116.068; 106.313; 820.9;147.711;0.000;20.158;5571.691;  0.000;  0.000;0.0000;0.00;-12.02;20.51;9.09;0.200;1176.429;-5563.652;3116.068;-173.02;0.000;28.721
249.10;1074.904;-5584.478;3116.077; 106.596; 817.7;146.959;0.000;20.158;5571.691;  0.000;  0.000;0.0000;0.00;-11.43;19.89;9.09;0.200;1176.162;-5564.033;3116.077;-173.01;0.000;28.720
250.10;1074.221;-5584.924;3116.081; 106.869; 814.5;146.208;0.000;20.158;5571.691;  0.000;  0.000;0.0000;0.00;-10.84;19.27;9.09;0.200;1175.893;-5564.406;3116.081;-173.01;0.000;28.718
251.10;1073.537;-5585.363;3116.081; 107.133; 811.4;145.456;0.000;20.158;5571.691;  0.000;  0.000;0.0000;0.00;-10.25;18.64;9.10;0.200;1175.622;-5564.771;3116.081;-173.01;0.000;28.717
252.10;1072.850;-5585.792;3116.076; 107.387; 808.5;144.705;0.000;20.158;5571.691;  0.000;  0.000;0.0000;0.00;-9.66;18.00;9.10;0.200;1175.349;-5565.128;3116.076;-173.01;0.000;28.716
253.10;1072.162;-5586.214;3116.067; 107.632; 805.6;143.953;0.000;20.158;5571.691;  0.000;  0.000;0.0000;0.00;0.00;17.36;-17.36;0.200;1175.075;-5565.476;3116.067;10.85;0.000;28.715
254.10;1071.473;-5586.627;3116.053; 107.867; 802.8;143.202;0.000;20.158;5571.691;  0.000;  0.000;0.0000;0.00;0.00;16.72;-16.72;0.200;1174.799;-5565.817;3116.053;10.85;0.000;28.713
255.10;1070.781;-5587.033;3116.035; 108.093; 800.2;142.451;0.000;20.158;5571.691;  0.000;  0.000;0.0000;0.00;0.00;16.07;-16.07;0.200;1174.521;-5566.149;3116.035;10.85;0.000;28.712
256.10;1070.089;-5587.429;3116.012; 108.310; 797.6;141.700;0.000;20.158;5571.691;  0.000;  0.000;0.0000;0.00;-0.00;15.42;-15.42;0.200;1174.242;-5566.473;3116.012;10.85;0.000;28.711
257.10;1069.394;-5587.818;3115.984; 108.517; 795.2;140.949;0.000;20.158;5571.691;  0.000;  0.000;0.0000;0.00;0.00;14.76;-14.76;0.200;1173.961;-5566.789;3115.984;10.85;0.000;28.709
258.10;1068.698;-5588.199;3115.952; 108.715; 792.8;140.198;0.000;20.158;5571.691;  0.000;  0.000;0.0000;0.00;0.00;14.10;-14.10;0.200;1173.678;-5567.097;3115.952;10.85;0.000;28.708
259.10;1068.000;-5588.571;3115.916; 108.903; 790.6;139.447;0.000;20.158;5571.691;  0.000;  0.000;0.0000;0.00;0.00;13.44;-13.44;0.200;1173.393;-5567.397;3115.916;10.85;0.000;28.707
260.10;1067.301;-5588.935;3115.874; 109.082; 788.4;138.696;0.000;20.158;5571.691;  0.000;  0.000;0.0000;0.00;0.00;12.77;-12.77;0.200;1173.107;-5567.688;3115.874;10.85;0.000;28.706
261.10;1066.600;-5589.290;3115.829; 109.251; 786.4;137.945;0.000;20.158;5571.691;  0.000;  0.000;0.0000;0.00;0.00;12.10;-12.10;0.200;1172.819;-5567.972;3115.829;10.85;0.000;28.704
262.10;1065.898;-5589.638;3115.778; 109.411; 784.5;137.195;0.000;20.158;5571.691;  0.000;  0.000;0.0000;0.00;0.00;11.42;-11.42;0.200;1172.529;-5568.247;3115.778;10.86;0.000;28.703
263.10;1065.194;-5589.977;3115.724; 109.561; 782.7;136.444;0.000;20.158;5571.691;  0.000;  0.000;0.0000;0.00;0.00;10.74;-10.74;0.200;1172.238;-5568.514;3115.724;10.86;0.000;28.702
264.10;1064.488;-5590.308;3115.664; 109.702; 780.9;135.693;0.000;20.158;5571.691;  0.000;  0.000;0.0000;0.00;-0.00;10.06;-10.06;0.200;1171.945;-5568.773;3115.664;10.86;0.000;28.701
265.10;1063.781;-5590.631;3115.600; 109.833; 779.4;134.943;0.000;20.158;5571.691;  0.000;  0.000;0.0000;0.00;0.00;9.38;-9.38;0.200;1171.650;-5569.024;3115.600;10.86;0.000;28.699
266.10;1063.072;-5590.946;3115.532; 109.955; 777.9;134.192;0.000;20.158;5571.691;  0.000;  0.000;0.0000;0.00;0.00;8.69;-8.69;0.200;1171.353;-5569.267;3115.532;10.86;0.000;28.698
267.10;1062.361;-5591.252;3115.459; 110.068; 776.5;133.442;0.000;20.158;5571.691;  0.000;  0.000;0.0000;0.00;0.00;8.00;-8.00;0.200;1171.055;-5569.502;3115.459;10.86;0.000;28.697
268.10;1061.649;-5591.550;3115.381; 110.171; 775.3;132.692;0.000;20.158;5571.691;  0.000;  0.000;0.0000;0.00;0.00;7.31;-7.31;0.200;1170.755;-5569.728;3115.381;10.86;0.000;28.695
269.10;1060.936;-5591.840;3115.299; 110.265; 774.1;131.941;0.000;20.158;5571.691;  0.000;  0.000;0.0000;0.00;0.00;6.62;-6.62;0.200;1170.453;-5569.947;3115.299;10.86;0.000;28.694
270.10;1060.220;-5592.122;3115.213; 110.349; 773.1;131.191;0.000;20.158;5571.691;  0.000;  0.000;0.0000;0.00;0.00;5.92;-5.92;0.200;1170.150;-5570.157;3115.213;10.86;0.000;28.693
271.10;1059.503;-5592.395;3115.121; 110.424; 772.2;130.441;0.000;20.158;5571.691;  0.000;  0.000;0.0000;0.00;0.00;5.22;-5.22;0.200;1169.845;-5570.359;3115.121;10.86;0.000;28.692
272.10;1058.785;-5592.660;3115.026; 110.489; 771.4;129.691;0.000;20.158;5571.691;  0.000;  0.000;0.0000;0.00;0.00;4.52;-4.52;0.200;1169.538;-5570.553;3115.026;10.86;0.000;28.690
273.10;1058.065;-5592.917;3114.926; 110.545; 770.7;128.941;0.000;20.158;5571.691;  0.000;  0.000;0.0000;0.00;0.00;3.82;-3.82;0.200;1169.230;-5570.739;3114.925;10.86;0.000;28.689
274.10;1057.344;-5593.166;3114.821; 110.591; 770.1;128.191;0.000;20.158;5571.691;  0.000;  0.000;0.0000;0.00;0.00;3.12;-3.12;0.200;1168.919;-5570.917;3114.821;10.86;0.000;28.688
275.10;1056.620;-5593.406;3114.711; 110.628; 769.7;127.441;0.000;20.158;5571.691;  0.000;  0.000;0.0000;0.00;0.00;2.42;-2.42;0.201;1168.607;-5571.087;3114.711;10.86;0.000;28.686
276.10;1055.896;-5593.639;3114.597; 110.656; 769.3;126.692;0.000;20.158;5571.691;  0.000;  0.000;0.0000;0.00;0.00;1.72;-1.72;0.201;1168.294;-5571.248;3114.597;10.86;0.000;28.685
277.10;1055.170;-5593.863;3114.479; 110.674; 769.1;125.942;0.000;20.158;5571.691;  0.000;  0.000;0.0000;0.00;0.00;1.02;-1.02;0.201;1167.978;-5571.402;3114.479;10.86;0.000;28.684
278.10;1054.442;-5594.079;3114.356; 110.683; 769.0;125.192;0.000;20.158;5571.691;  0.000;  0.000;0.0000;0.00;0.00;0.31;-0.31;0.201;1167.661;-5571.547;3114.356;10.86;0.000;28.683
279.10;1053.712;-5594.286;3114.228; 110.682; 769.0;124.443;0.000;20.158;5571.691;  0.000;  0.000;0.0000;0.00;0.00;-0.39;0.39;1.598;1167.343;-5571.684;3114.228;10.86;0.000;28.681
280.10;1052.981;-5594.485;3114.096; 110.672; 769.1;123.693;0.000;20.158;5571.691;  0.000;  0.000;0.0000;0.00;0.00;-1.10;1.10;1.598;1167.022;-5571.813;3114.096;10.87;0.000;28.680
281.10;1052.249;-5594.676;3113.960; 110.652; 769.4;122.944;0.000;20.158;5571.691;  0.000;  0.000;0.0000;0.00;0.00;-1.80;1.80;1.598;1166.700;-5571.934;3113.960;10.87;0.000;28.679
282.10;1051.515;-5594.859;3113.819; 110.623; 769.7;122.194;0.000;20.158;5571.691;  0.000;  0.000;0.0000;0.00;0.00;-2.50;2.50;1.598;1166.376;-5572.047;3113.819;10.87;0.000;28.677
283.10;1050.779;-5595.034;3113.673; 110.584; 770.2;121.445;0.000;20.158;5571.691;  0.000;  0.000;0.0000;0.00;0.00;-3.20;3.20;1.598;1166.051;-5572.152;3113.673;10.87;0.000;28.676
284.10;1050.042;-5595.200;3113.523; 110.536; 770.8;120.696;0.000;20.158;5571.691;  0.000;  0.000;0.0000;0.00;0.00;-3.91;3.91;1.599;1165.723;-5572.248;3113.523;10.87;0.000;28.675
285.10;1049.303;-5595.358;3113.368; 110.479; 771.5;119.947;0.000;20.158;5571.691;  0.000;  0.000;0.0000;0.00;0.00;-4.60;4.60;1.599;1165.395;-5572.336;3113.368;10.87;0.000;28.674
286.10;1048.563;-5595.508;3113.209; 110.412; 772.3;119.198;0.000;20.158;5571.691;  0.000;  0.000;0.0000;0.00;0.00;-5.30;5.30;1.599;1165.064;-5572.417;3113.209;10.87;0.000;28.672
287.10;1047.821;-5595.650;3113.045; 110.336; 773.2;118.449;0.000;20.158;5571.691;  0.000;  0.000;0.0000;0.00;0.00;-6.00;6.00;1.599;1164.732;-5572.489;3113.045;10.87;0.000;28.671
288.10;1047.078;-5595.783;3112.876; 110.250; 774.3;117.700;0.000;20.158;5571.691;  0.000;  0.000;0.0000;0.00;0.00;-6.70;6.70;1.599;1164.397;-5572.553;3112.876;10.87;0.000;28.670
289.10;1046.333;-5595.908;3112.703; 110.155; 775.5;116.951;0.000;20.158;5571.691;  0.000;  0.000;0.0000;0.00;0.00;-7.39;7.39;1.599;1164.062;-5572.609;3112.703;10.87;0.000;28.669
290.10;1045.586;-5596.025;3112.526; 110.050; 776.7;116.202;0.000;20.158;5571.691;  0.000;  0.000;0.0000;0.00;0.00;-8.08;8.08;1.599;1163.724;-5572.656;3112.526;10.87;0.000;28.667
291.10;1044.838;-5596.134;3112.344; 109.936; 778.1;115.453;0.000;20.158;5571.691;  0.000;  0.000;0.0000;0.00;0.00;-8.77;8.77;1.599;1163.385;-5572.696;3112.344;10.87;0.000;28.666
292.10;1044.089;-5596.234;3112.157; 109.812; 779.6;114.705;0.000;20.158;5571.691;  0.000;  0.000;0.0000;0.00;0.00;-9.46;9.46;1.600;1163.044;-5572.728;3112.157;10.88;0.000;28.665
293.10;1043.338;-5596.326;3111.966; 109.679; 781.2;113.956;0.000;20.158;5571.691;  0.000;  0.000;0.0000;0.00;0.00;-10.14;10.14;1.600;1162.702;-5572.751;3111.966;10.88;0.000;28.663
294.10;1042.585;-5596.410;3111.770; 109.537; 782.9;113.207;0.000;20.158;5571.691;  0.000;  0.000;0.0000;0.00;0.00;-10.82;10.82;1.600;1162.358;-5572.766;3111.770;10.88;0.000;28.662
295.10;1041.831;-5596.486;3111.570; 109.385; 784.8;112.459;0.000;20.158;5571.691;  0.000;  0.000;0.0000;0.00;0.00;-11.50;11.50;1.600;1162.012;-5572.773;3111.570;10.88;0.000;28.661
296.10;1041.076;-5596.553;3111.365; 109.223; 786.7;111.711;0.000;20.158;5571.691;  0.000;  0.000;0.0000;0.00;0.00;-12.17;12.17;1.600;1161.664;-5572.772;3111.365;10.88;0.000;28.660
297.10;1040.318;-5596.612;3111.156; 109.053; 788.8;110.962;0.000;20.158;5571.691;  0.000;  0.000;0.0000;0.00;0.00;-12.84;12.84;1.601;1161.315;-5572.763;3111.156;10.88;0.000;28.658
298.10;1039.560;-5596.663;3110.942; 108.872; 790.9;110.214;0.000;20.158;5571.691;  0.000;  0.000;0.0000;0.00;0.00;-13.51;13.51;1.601;1160.964;-5572.745;3110.942;10.88;0.000;28.657
299.10;1038.800;-5596.706;3110.724; 108.683; 793.2;109.466;0.000;20.158;5571.691;  0.000;  0.000;0.0000;0.00;0.00;-14.17;14.17;1.601;1160.611;-5572.720;3110.724;10.88;0.000;28.656
300.10;1038.038;-5596.740;3110.501; 108.483; 795.5;108.718;0.000;20.158;5571.691;  0.000;  0.000;0.0000;0.00;0.00;-14.83;14.83;1.601;1160.257;-5572.686;3110.501;10.88;0.000;28.654
301.10;1037.275;-5596.766;3110.273; 108.275; 798.0;107.970;0.000;20.158;5571.691;  0.000;  0.000;0.0000;0.00;0.00;-15.49;15.49;1.602;1159.900;-5572.645;3110.273;10.88;0.000;28.653
302.10;1036.510;-5596.784;3110.041; 108.057; 800.6;107.222;0.000;20.158;5571.691;  0.000;  0.000;0.0000;0.00;0.00;-16.14;16.14;1.602;1159.543;-5572.595;3110.041;10.89;0.000;28.652
303.10;1035.744;-5596.794;3109.805; 107.829; 803.3;106.475;0.000;20.158;5571.691;  0.000;  0.000;0.0000;0.00;0.00;-16.79;16.79;1.602;1159.183;-5572.537;3109.805;10.89;0.000;28.651
304.10;1034.976;-5596.795;3109.564; 107.592; 806.1;105.727;0.000;20.158;5571.691;  0.000;  0.000;0.0000;0.00;0.00;-17.43;17.43;1.602;1158.822;-5572.471;3109.564;10.89;0.000;28.649
305.10;1034.207;-5596.788;3109.318; 107.346; 808.9;104.979;0.000;20.158;5571.691;  0.000;  0.000;0.0000;0.00;0.00;-18.07;18.07;1.602;1158.459;-5572.396;3109.318;10.89;0.000;28.648
306.10;1033.436;-5596.773;3109.068; 107.090; 811.9;104.232;0.000;20.158;5571.691;  0.000;  0.000;0.0000;0.00;-0.00;-18.71;18.71;1.603;1158.095;-5572.314;3109.068;10.89;0.000;28.647
307.10;1032.664;-5596.749;3108.813; 106.825; 815.0;103.484;0.000;20.158;5571.691;  0.000;  0.000;0.0000;0.00;0.00;-19.34;19.34;1.603;1157.728;-5572.223;3108.813;10.89;0.000;28.645
308.10;1031.890;-5596.718;3108.554; 106.550; 818.2;102.737;0.000;20.158;5571.691;  0.000;  0.000;0.0000;0.00;0.00;-19.96;19.96;1.603;1157.360;-5572.124;3108.554;10.89;0.000;28.644
309.10;1031.115;-5596.678;3108.290; 106.265; 821.5;101.990;0.000;20.158;5571.691;  0.000;  0.000;0.0000;0.00;0.00;-20.58;20.58;1.603;1156.991;-5572.018;3108.290;10.89;0.000;28.643
310.10;1030.338;-5596.630;3108.022; 105.972; 824.8;101.243;0.000;20.158;5571.691;  0.000;  0.000;0.0000;0.00;-0.00;-21.20;21.20;1.603;1156.619;-5571.903;3108.022;10.89;0.000;28.642
311.10;1029.560;-5596.573;3107.749; 105.669; 828.3;100.496;0.000;20.158;5571.691;  0.000;  0.000;0.0000;0.00;0.00;-21.81;21.81;1.604;1156.246;-5571.779;3107.749;10.90;0.000;28.640
312.10;1028.780;-5596.508;3107.471; 105.356; 831.9;99.749;0.000;20.158;5571.691;  0.000;  0.000;0.0000;0.00;0.00;-22.41;22.41;1.604;1155.872;-5571.648;3107.471;10.90;0.000;28.639
313.10;1027.999;-5596.435;3107.190; 105.034; 835.5;99.002;0.000;20.158;5571.691;  0.000;  0.000;0.0000;0.00;0.00;-23.01;23.01;1.604;1155.495;-5571.509;3107.190;10.90;0.000;28.638
314.10;1027.216;-5596.354;3106.903; 104.702; 839.3;98.255;0.000;20.158;5571.691;  0.000;  0.000;0.0000;0.00;0.00;-23.60;23.60;1.604;1155.117;-5571.361;3106.903;10.90;0.000;28.636
315.10;1026.432;-5596.264;3106.612; 104.361; 843.1;97.509;0.000;20.158;5571.691;  0.000;  0.000;0.0000;0.00;-0.00;-24.19;24.19;1.604;1154.737;-5571.205;3106.612;10.90;0.000;28.635
316.10;1025.646;-5596.167;3106.316; 104.011; 847.0;96.762;0.000;20.158;5571.691;  0.000;  0.000;0.0000;0.00;0.00;-24.78;24.78;1.604;1154.356;-5571.041;3106.316;10.90;0.000;28.634
317.10;1024.859;-5596.061;3106.016; 103.651; 851.0;96.016;0.000;20.158;5571.691;  0.000;  0.000;0.0000;0.00;0.00;-25.36;25.36;1.605;1153.973;-5570.869;3106.016;10.90;0.000;28.633
318.10;1024.070;-5595.946;3105.711; 103.281; 855.1;95.270;0.000;20.158;5571.691;  0.000;  0.000;0.0000;0.00;0.00;-25.93;25.93;1.605;1153.588;-5570.689;3105.711;10.91;0.000;28.631
319.10;1023.280;-5595.823;3105.402; 102.902; 859.3;94.523;0.000;20.158;5571.691;  0.000;  0.000;0.0000;0.00;0.00;-26.50;26.50;1.605;1153.201;-5570.501;3105.402;10.91;0.000;28.630
320.10;1022.488;-5595.693;3105.088; 102.514; 863.6;93.777;0.000;20.158;5571.691;  0.000;  0.000;0.0000;0.00;0.00;-27.06;27.06;1.605;1152.813;-5570.304;3105.088;10.91;0.000;28.629
321.10;1021.695;-5595.553;3104.770; 102.116; 867.9;93.031;0.000;20.158;5571.691;  0.000;  0.000;0.0000;0.00;0.00;-27.62;27.62;1.605;1152.423;-5570.099;3104.770;10.91;0.000;28.627
322.10;1020.901;-5595.406;3104.447; 101.709; 872.4;92.286;0.000;20.158;5571.691;  0.000;  0.000;0.0000;0.00;0.00;-28.17;28.17;1.605;1152.031;-5569.886;3104.447;10.91;0.000;28.626
323.10;1020.105;-5595.250;3104.120; 101.292; 876.9;91.540;0.000;20.158;5571.691;  0.000;  0.000;0.0000;0.00;0.00;-28.71;28.71;1.605;1151.638;-5569.665;3104.120;10.91;0.000;28.625
324.10;1019.307;-5595.086;3103.788; 100.866; 881.5;90.795;0.000;20.158;5571.691;  0.000;  0.000;0.0000;0.00;0.00;-29.25;29.25;1.605;1151.243;-5569.436;3103.788;10.91;0.000;28.624
325.10;1018.508;-5594.914;3103.451; 100.430; 886.1;90.049;0.000;20.158;5571.691;  0.000;  0.000;0.0000;0.00;-0.00;-29.79;29.79;1.605;1150.846;-5569.199;3103.451;10.92;0.000;28.622
326.10;1017.708;-5594.733;3103.110;  99.985; 890.9;89.304;0.000;20.158;5571.691;  0.000;  0.000;0.0000;0.00;0.00;-30.32;30.32;1.605;1150.448;-5568.953;3103.110;10.92;0.000;28.621
327.10;1016.906;-5594.544;3102.764;  99.530; 895.7;88.559;0.000;20.158;5571.691;  0.000;  0.000;0.0000;0.00;0.00;-30.84;30.84;1.605;1150.048;-5568.700;3102.764;10.92;0.000;28.620
328.10;1016.103;-5594.347;3102.414;  99.066; 900.6;87.814;0.000;20.158;5571.691;  0.000;  0.000;0.0000;0.00;0.00;-31.36;31.36;1.605;1149.646;-5568.438;3102.414;10.92;0.000;28.618
329.10;1015.298;-5594.141;3102.059;  98.592; 905.6;87.069;0.000;20.158;5571.691;  0.000;  0.000;0.0000;0.00;0.00;-31.87;31.87;1.605;1149.243;-5568.168;3102.059;10.92;0.000;28.617
330.10;1014.492;-5593.927;3101.700;  98.109; 910.6;86.325;0.000;20.158;5571.691;  0.000;  0.000;0.0000;0.00;0.00;-32.38;32.38;1.605;1148.838;-5567.890;3101.700;10.92;0.000;28.616
331.10;1013.684;-5593.705;3101.336;  97.617; 915.7;85.580;0.000;20.158;5571.691;  0.000;  0.000;0.0000;0.00;-0.00;-32.88;32.88;1.605;1148.431;-5567.603;3101.336;10.92;0.000;28.615
332.10;1012.875;-5593.475;3100.968;  97.115; 920.9;84.836;0.000;20.158;5571.691;  0.000;  0.000;0.0000;0.00;0.00;-33.37;33.37;1.605;1148.023;-5567.309;3100.968;10.93;0.000;28.613
333.10;1012.064;-5593.236;3100.595;  96.603; 926.1;84.092;0.000;20.158;5571.691;  0.000;  0.000;0.0000;0.00;0.00;-33.86;33.86;1.605;1147.612;-5567.006;3100.595;10.93;0.000;28.612
334.10;1011.252;-5592.989;3100.217;  96.082; 931.5;83.348;0.000;20.158;5571.691;  0.000;  0.000;0.0000;0.00;0.00;-34.35;34.35;1.605;1147.201;-5566.695;3100.217;10.93;0.000;28.611
335.10;1010.439;-5592.734;3099.835;  95.551; 936.9;82.604;0.000;20.158;5571.691;  0.000;  0.000;0.0000;0.00;0.00;-34.83;34.83;1.605;1146.787;-5566.376;3099.835;10.93;0.000;28.609
336.10;1009.624;-5592.470;3099.449;  95.011; 942.3;81.860;0.000;20.158;5571.691;  0.000;  0.000;0.0000;0.00;-0.00;-35.30;35.30;1.605;1146.372;-5566.049;3099.449;10.93;0.000;28.608
337.10;1008.808;-5592.198;3099.057;  94.462; 947.8;81.117;0.000;20.158;5571.691;  0.000;  0.000;0.0000;0.00;0.00;-35.77;35.77;1.605;1145.955;-5565.714;3099.057;10.93;0.000;28.607
338.10;1007.990;-5591.918;3098.662;  93.903; 953.4;80.374;0.000;20.158;5571.691;  0.000;  0.000;0.0000;0.00;0.00;-36.23;36.23;1.605;1145.536;-5565.370;3098.662;10.94;0.000;28.606
339.10;1007.171;-5591.629;3098.261;  93.334; 959.0;79.631;0.000;20.158;5571.691;  0.000;  0.000;0.0000;0.00;0.00;-36.69;36.69;1.605;1145.116;-5565.018;3098.261;10.94;0.000;28.604
340.10;1006.350;-5591.333;3097.857;  92.756; 964.7;78.888;0.000;20.158;5571.691;  0.000;  0.000;0.0000;0.00;-0.00;-37.14;37.14;1.605;1144.694;-5564.658;3097.857;10.94;0.000;28.603
341.10;1005.528;-5591.027;3097.447;  92.169; 970.5;78.146;0.000;20.158;5571.691;  0.000;  0.000;0.0000;0.00;-0.00;-37.59;37.59;1.605;1144.270;-5564.290;3097.447;10.94;0.000;28.602
342.10;1004.704;-5590.714;3097.033;  91.572; 976.3;77.403;0.000;20.158;5571.691;  0.000;  0.000;0.0000;0.00;0.00;-38.03;38.03;1.604;1143.845;-5563.914;3097.033;10.94;0.000;28.600
343.10;1003.879;-5590.392;3096.615;  90.965; 982.2;76.661;0.000;20.158;5571.691;  0.000;  0.000;0.0000;0.00;0.00;-38.47;38.47;1.604;1143.418;-5563.529;3096.615;10.95;0.000;28.599
344.10;1003.053;-5590.062;3096.192;  90.349; 988.2;75.920;0.000;20.158;5571.691;  0.000;  0.000;0.0000;0.00;0.00;-38.90;38.90;1.604;1142.989;-5563.137;3096.192;10.95;0.000;28.598
345.10;1002.225;-5589.723;3095.764;  89.724; 994.1;75.178;0.000;20.158;5571.691;  0.000;  0.000;0.0000;0.00;0.00;-39.33;39.33;1.604;1142.559;-5562.736;3095.764;10.95;0.000;28.596
346.10;1001.396;-5589.377;3095.332;  89.089;1000.2;74.437;0.000;20.158;5571.691;  0.000;  0.000;0.0000;0.00;-0.00;-39.75;39.75;1.604;1142.127;-5562.327;3095.332;10.95;0.000;28.595
347.10;1000.566;-5589.021;3094.895;  88.444;1006.3;73.696;0.000;20.158;5571.691;  0.000;  0.000;0.0000;0.00;0.00;-40.16;40.16;1.603;1141.693;-5561.909;3094.895;10.95;0.000;28.594
348.10;999.733;-5588.658;3094.454;  87.790;1012.5;72.955;0.000;20.158;5571.691;  0.000;  0.000;0.0000;0.00;0.00;-40.58;40.58;1.603;1141.258;-5561.484;3094.454;10.95;0.000;28.593
349.10;998.900;-5588.286;3094.008;  87.127;1018.7;72.215;0.000;20.158;5571.691;  0.000;  0.000;0.0000;0.00;0.00;-40.98;40.98;1.603;1140.821;-5561.050;3094.008;10.96;0.000;28.591
350.10;998.065;-5587.906;3093.557;  86.454;1024.9;71.474;0.000;20.158;5571.691;  0.000;  0.000;0.0000;0.00;0.00;-41.38;41.38;1.602;1140.382;-5560.608;3093.557;10.96;0.000;28.590
351.10;997.229;-5587.518;3093.102;  85.771;1031.3;70.735;0.004;20.158;5571.691;  0.000;  0.000;0.0000;0.00;-0.00;-41.78;41.78;1.601;1139.941;-5560.158;3093.102;10.96;0.000;28.589
352.10;996.391;-5587.121;3092.643;  85.079;1037.6;69.995;0.005;20.158;5571.691;  0.000;  0.000;0.0000;0.00;-0.00;-42.17;42.17;1.601;1139.499;-5559.700;3092.643;10.96;0.000;28.587
353.10;995.552;-5586.716;3092.179;  84.377;1044.0;69.256;0.005;20.158;5571.691;  0.000;  0.000;0.0000;0.00;0.00;-42.56;42.56;1.601;1139.055;-5559.233;3092.179;10.96;0.000;28.586
354.10;994.712;-5586.302;3091.710;  83.666;1050.5;68.517;0.006;20.158;5571.691;  0.000;  0.000;0.0000;0.00;0.00;-42.94;42.94;1.600;1138.610;-5558.759;3091.710;10.97;0.000;28.585
355.10;993.870;-5585.880;3091.237;  82.946;1057.0;67.779;0.006;20.158;5571.691;  0.000;  0.000;0.0000;0.00;0.00;-43.32;43.32;1.600;1138.163;-5558.276;3091.237;10.97;0.000;28.584
356.10;993.026;-5585.450;3090.759;  82.215;1063.6;67.040;0.007;20.158;5571.691;  0.000;  0.000;0.0000;0.00;0.00;-43.69;43.69;1.600;1137.714;-5557.785;3090.759;10.97;0.000;28.582
357.10;992.182;-5585.012;3090.277;  81.476;1070.2;66.303;0.008;20.158;5571.691;  0.000;  0.000;0.0000;0.00;0.00;-44.06;44.06;1.600;1137.263;-5557.285;3090.277;10.97;0.000;28.581
358.10;991.336;-5584.565;3089.790;  80.726;1076.8;65.565;0.009;20.158;5571.691;  0.000;  0.000;0.0000;0.00;0.00;-44.43;44.43;1.600;1136.811;-5556.778;3089.790;10.97;0.000;28.580
359.10;990.488;-5584.110;3089.298;  79.968;1083.5;64.829;0.010;20.158;5571.691;  0.000;  0.000;0.0000;0.00;-0.00;-44.79;44.79;1.599;1136.357;-5556.262;3089.298;10.98;0.000;28.578
360.10;989.639;-5583.646;3088.802;  79.199;1090.2;64.092;0.012;20.158;5571.691;  0.000;  0.000;0.0000;0.00;0.00;-45.14;45.14;1.599;1135.902;-5555.738;3088.802;10.98;0.000;28.577
361.10;988.789;-5583.174;3088.301;  78.422;1097.0;63.356;0.013;20.158;5571.691;  0.000;  0.000;0.0000;0.00;0.00;-45.49;45.49;1.599;1135.444;-5555.206;3088.301;10.98;0.000;28.576
362.10;987.937;-5582.694;3087.796;  77.634;1103.8;62.621;0.015;20.158;5571.691;  0.000;  0.000;0.0000;0.00;0.00;-45.84;45.84;1.599;1134.985;-5554.665;3087.796;10.98;0.000;28.574
363.10;987.084;-5582.205;3087.286;  76.837;1110.7;61.886;0.017;20.158;5571.691;  0.000;  0.000;0.0000;0.00;0.00;-46.19;46.19;1.598;1134.525;-5554.117;3087.286;10.98;0.000;28.573
364.10;986.230;-5581.708;3086.772;  76.031;1117.6;61.151;0.019;20.158;5571.691;  0.000;  0.000;0.0000;0.00;0.00;-46.52;46.52;1.598;1134.063;-5553.560;3086.772;10.99;0.000;28.572
365.10;985.374;-5581.203;3086.253;  75.215;1124.5;60.417;0.022;20.158;5571.691;  0.000;  0.000;0.0000;0.00;0.00;-46.86;46.86;1.598;1133.599;-5552.994;3086.253;10.99;0.000;28.571
366.10;984.517;-5580.689;3085.729;  74.389;1131.5;59.684;0.025;20.158;5571.691;  0.000;  0.000;0.0000;0.00;0.00;-47.19;47.19;1.598;1133.133;-5552.421;3085.729;10.99;0.000;28.569
367.10;983.658;-5580.167;3085.201;  73.554;1138.5;58.951;0.028;20.158;5571.691;  0.000;  0.000;0.0000;0.00;0.00;-47.52;47.52;1.597;1132.666;-5551.840;3085.201;10.99;0.000;28.568
368.10;982.799;-5579.637;3084.669;  72.710;1145.5;58.219;0.032;20.158;5571.691;  0.000;  0.000;0.0000;0.00;0.00;-47.84;47.84;1.597;1132.197;-5551.250;3084.669;11.00;0.000;28.567
369.10;981.937;-5579.098;3084.131;  71.856;1152.6;57.488;0.037;20.158;5571.691;  0.000;  0.000;0.0000;0.00;0.00;-48.16;48.16;1.597;1131.726;-5550.652;3084.131;11.00;0.000;28.565
370.10;981.075;-5578.550;3083.589;  70.992;1159.7;56.757;0.042;20.158;5571.691;  0.000;  0.000;0.0000;0.00;0.00;-48.47;48.47;1.597;1131.254;-5550.045;3083.589;11.00;0.000;28.564
371.10;980.211;-5577.995;3083.043;  70.119;1166.9;56.026;0.048;20.158;5571.691;  0.000;  0.000;0.0000;0.00;-0.00;-48.79;48.79;1.596;1130.780;-5549.431;3083.043;11.00;0.000;28.563
372.10;979.345;-5577.431;3082.492;  69.236;1174.1;55.297;0.055;20.158;5571.691;  0.000;  0.000;0.0000;0.00;0.00;-49.09;49.09;1.596;1130.304;-5548.808;3082.492;11.01;0.000;28.561
373.10;978.479;-5576.859;3081.937;  68.343;1181.3;54.568;0.063;20.158;5571.691;  0.000;  0.000;0.0000;0.00;0.00;-49.40;49.40;1.596;1129.827;-5548.177;3081.937;11.01;0.000;28.560
374.10;977.611;-5576.278;3081.376;  67.442;1188.5;53.841;0.073;20.158;5571.691;  0.000;  0.000;0.0000;0.00;0.00;-49.70;49.70;1.596;1129.348;-5547.538;3081.376;11.01;0.000;28.559
375.10;976.741;-5575.689;3080.812;  66.530;1195.8;53.113;0.084;20.158;5571.691;  0.000;  0.000;0.0000;0.00;0.00;-49.99;49.99;1.595;1128.867;-5546.890;3080.812;11.01;0.000;28.558
376.10;975.871;-5575.091;3080.243;  65.609;1203.1;52.387;0.097;20.158;5571.691;  0.000;  0.000;0.0000;0.01;0.00;-50.29;50.29;1.595;1128.385;-5546.235;3080.243;11.01;0.000;28.556
377.10;974.999;-5574.485;3079.669;  64.679;1210.4;51.662;0.111;20.158;5571.691;  0.000;  0.000;0.0000;0.01;0.00;-50.58;50.58;1.595;1127.901;-5545.571;3079.669;11.02;0.000;28.555
378.10;974.125;-5573.871;3079.090;  63.739;1217.8;50.938;0.129;20.158;5571.691;  0.000;  0.000;0.0000;0.01;0.00;-50.86;50.86;1.595;1127.416;-5544.898;3079.090;11.02;0.000;28.554
379.10;973.251;-5573.248;3078.508;  62.789;1225.1;50.215;0.149;20.158;5571.691;  0.000;  0.000;0.0000;0.01;0.00;-51.15;51.15;1.594;1126.929;-5544.218;3078.507;11.02;0.000;28.552
380.10;972.375;-5572.617;3077.920;  61.830;1232.5;49.492;0.173;20.158;5571.691;  0.000;  0.000;0.0000;0.01;0.00;-51.43;51.43;1.594;1126.440;-5543.529;3077.920;11.02;0.000;28.551
381.10;971.498;-5571.978;3077.328;  60.861;1239.9;48.771;0.200;20.158;5571.691;  0.000;  0.000;0.0000;0.01;0.00;-51.70;51.70;1.594;1125.949;-5542.832;3077.328;11.03;0.000;28.550
382.10;970.619;-5571.330;3076.731;  59.883;1247.4;48.052;0.233;20.158;5571.691;  0.000;  0.000;0.0000;0.01;0.00;-51.98;51.98;1.594;1125.457;-5542.127;3076.731;11.03;0.000;28.548
383.10;969.740;-5570.674;3076.130;  58.896;1254.8;47.333;0.271;20.158;5571.691;  0.000;  0.000;0.0000;0.01;-0.00;-52.25;52.25;1.593;1124.964;-5541.414;3076.130;11.03;0.000;28.547
384.10;968.859;-5570.010;3075.525;  57.899;1262.2;46.616;0.315;20.158;5571.691;  0.000;  0.000;0.0000;0.02;0.00;-52.51;52.51;1.593;1124.469;-5540.692;3075.525;11.03;0.000;28.546
385.10;967.976;-5569.337;3074.915;  56.892;1269.7;45.900;0.368;20.158;5571.691;  0.000;  0.000;0.0000;0.02;0.00;-52.78;52.78;1.593;1123.972;-5539.963;3074.915;11.04;0.000;28.544
386.10;967.093;-5568.656;3074.300;  55.876;1277.1;45.185;0.429;20.158;5571.691;  0.000;  0.000;0.0000;0.02;-0.00;-53.04;53.04;1.593;1123.474;-5539.225;3074.300;11.04;0.000;28.543
387.10;966.208;-5567.967;3073.681;  54.851;1284.6;44.473;0.502;20.158;5571.691;  0.000;  0.000;0.0000;0.03;0.00;-53.30;53.30;1.593;1122.974;-5538.479;3073.681;11.04;0.000;28.542
388.10;965.323;-5567.269;3073.057;  53.816;1292.0;43.762;0.587;20.158;5571.691;  0.000;  0.000;0.0000;0.03;-0.00;-53.55;53.55;1.593;1122.473;-5537.724;3073.057;11.04;0.000;28.540
389.10;964.436;-5566.563;3072.429;  52.772;1299.4;43.052;0.689;20.158;5571.691;  0.000;  0.000;0.0000;0.04;-0.00;-53.80;53.80;1.592;1121.970;-5536.962;3072.429;11.05;0.000;28.539
390.10;963.548;-5565.849;3071.797;  51.718;1306.8;42.345;0.808;20.158;5571.691;  0.000;  0.000;0.0000;0.04;-0.00;-54.05;54.05;1.592;1121.466;-5536.192;3071.797;11.05;0.000;28.538
391.10;962.659;-5565.126;3071.160;  50.655;1314.1;41.639;0.949;20.158;5571.691;  0.000;  0.000;0.0000;0.05;-0.00;-54.30;54.30;1.592;1120.960;-5535.413;3071.160;11.05;0.000;28.537
392.10;961.769;-5564.396;3070.519;  49.584;1321.4;40.936;1.116;20.158;5571.691;  0.000;  0.000;0.0000;0.06;0.00;-54.54;54.54;1.592;1120.453;-5534.627;3070.519;11.06;0.000;28.535
393.10;960.878;-5563.657;3069.873;  48.502;1328.6;40.235;1.314;20.158;5571.691;  0.000;  0.000;0.0000;0.07;-0.00;-54.78;54.78;1.600;1119.945;-5533.832;3069.873;11.06;0.000;28.534
394.10;959.986;-5562.911;3069.223;  47.412;1335.7;39.536;1.549;20.158;5571.691;  0.000;  0.000;0.0000;0.09;-0.00;-55.02;55.02;1.600;1119.436;-5533.029;3069.223;11.06;0.000;28.533
395.10;959.094;-5562.156;3068.569;  46.313;1342.7;38.840;1.828;20.158;5571.691;  0.000;  0.000;0.0000;0.10;-0.00;-55.26;55.26;1.600;1118.926;-5532.219;3068.569;11.06;0.000;28.531
396.10;958.201;-5561.393;3067.911;  45.205;1349.5;38.147;2.159;20.158;5571.691;  0.000;  0.000;0.0000;0.12;0.00;-55.49;55.49;1.600;1118.414;-5531.401;3067.911;11.07;0.000;28.530
397.10;957.307;-5560.623;3067.249;  44.089;1355.4;37.457;2.550;20.133;5573.377;  0.000;  0.000;0.9500;1.72;0.00;-55.72;55.72;0.000;1117.902;-5530.575;3067.249;11.07;19.474;28.529
398.10;956.419;-5559.850;3066.587;  42.971;1346.5;36.775;2.946;19.876;5590.289;  0.000;  0.000;0.9500;1.73;0.00;-55.95;55.95;0.000;1117.395;-5529.747;3066.587;11.07;16.854;28.527
399.10;955.540;-5559.078;3065.929;  41.858;1335.7;36.104;3.392;19.565;5610.923;  0.000;  0.000;0.9900;5.44;0.00;-56.18;56.18;0.000;1116.898;-5528.920;3065.929;11.07;45.765;28.526
400.10;954.685;-5558.320;3065.285;  40.767;1289.9;35.454;3.690;18.764;5664.769;  0.000;  0.000;0.9900;5.54;0.00;-56.42;56.42;0.000;1116.424;-5528.105;3065.285;11.08;42.066;28.525
401.10;953.864;-5557.585;3064.663;  39.711;1243.2;34.834;3.978;17.962;5719.578;  0.000;  0.000;0.9900;5.64;-0.00;-56.66;56.66;0.000;1115.985;-5527.313;3064.663;11.08;39.017;28.524
402.10;953.078;-5556.873;3064.064;  38.691;1195.6;34.244;4.248;17.161;5775.386;  0.000;  0.000;0.9900;5.74;0.00;-56.91;56.91;0.000;1115.581;-5526.543;3064.064;11.08;36.537;28.523
403.10;952.326;-5556.186;3063.487;  37.710;1146.9;33.683;4.490;16.359;5832.229;  0.000;  0.000;0.9900;5.85;0.00;-57.17;57.17;0.000;1115.213;-5525.797;3063.487;11.08;34.567;28.521
404.10;951.610;-5555.524;3062.935;  36.766;1097.2;33.152;4.694;15.558;5890.146;  0.000;  0.000;0.9900;5.96;-0.00;-57.43;57.43;0.000;1114.880;-5525.075;3062.935;11.09;33.062;28.520
405.10;950.929;-5554.889;3062.406;  35.863;1046.4;32.650;4.850;14.756;5949.178;  0.000;  0.000;0.9900;6.08;0.00;-57.71;57.71;0.000;1114.584;-5524.379;3062.406;11.09;31.997;28.519
406.10;950.285;-5554.280;3061.903;  34.999; 994.5;32.179;4.948;13.955;6009.369;  0.000;  0.000;0.9900;6.20;0.00;-58.00;58.00;0.000;1114.325;-5523.708;3061.903;11.09;31.363;28.518
407.10;949.678;-5553.699;3061.424;  34.178; 941.4;31.737;4.978;13.153;6070.765;  0.000;  0.000;0.9900;6.32;0.00;-58.31;58.31;0.000;1114.104;-5523.064;3061.424;11.09;31.169;28.518
408.10;949.109;-5553.147;3060.972;  33.400; 889.2;31.326;4.957;12.405;6129.199;  0.000;  0.000;0.9900;2.15;-0.00;-58.63;58.63;0.000;1113.921;-5522.448;3060.972;11.10;10.434;28.517
409.10;948.562;-5552.610;3060.534;  32.645; 876.3;30.933;5.355;12.138;6150.341;  0.000;  0.000;0.9900;2.16;-0.00;-58.96;58.96;0.000;1113.761;-5521.847;3060.534;11.10;9.657;28.516
410.10;948.027;-5552.078;3060.102;  31.899; 864.2;30.552;5.787;11.898;6169.492;  0.000;  0.000;0.0000;0.39;0.57;-59.29;58.73;1.600;1113.613;-5521.249;3060.102;10.90;0.000;28.515
411.10;947.497;-5551.544;3059.672;  31.153; 868.6;30.177;6.493;11.898;6169.492;  0.000;  0.000;0.0000;0.72;10.43;-59.49;49.20;1.601;1113.470;-5520.651;3059.672;8.12;0.000;28.514
412.10;946.965;-5551.008;3059.240;  30.403; 872.4;29.801;7.283;11.898;6169.492;  0.000;  0.000;0.0000;0.78;10.11;-59.45;49.47;1.601;1113.325;-5520.049;3059.240;8.02;0.000;28.514
413.10;946.430;-5550.469;3058.807;  29.650; 875.8;29.425;8.160;11.898;6169.492;  0.000;  0.000;0.0000;0.84;9.77;-59.38;49.75;1.602;1113.176;-5519.445;3058.807;7.91;0.000;28.513
414.10;945.892;-5549.928;3058.374;  28.895; 878.5;29.048;9.133;11.898;6169.492;  0.000;  0.000;0.0000;0.90;9.41;-59.30;50.02;1.602;1113.024;-5518.840;3058.374;7.80;0.000;28.512
415.10;945.351;-5549.386;3057.941;  28.139; 880.5;28.670;10.208;11.898;6169.492;  0.000;  0.000;0.0000;0.96;9.05;-59.20;50.30;1.602;1112.870;-5518.233;3057.941;7.69;0.000;28.511
416.10;944.808;-5548.844;3057.508;  27.383; 881.8;28.291;11.391;11.898;6169.492;  0.000;  0.000;0.0000;1.03;8.67;-59.10;50.57;1.603;1112.713;-5517.626;3057.508;7.58;0.000;28.511
417.10;944.262;-5548.301;3057.076;  26.627; 882.3;27.913;12.686;11.898;6169.492;  0.000;  0.000;0.0000;1.11;8.28;-58.98;50.85;1.603;1112.553;-5517.020;3057.076;7.47;0.000;28.510
418.10;943.715;-5547.759;3056.646;  25.871; 881.8;27.534;14.099;11.898;6169.492;  0.000;  0.000;0.0000;1.19;7.89;-58.87;51.12;1.603;1112.392;-5516.413;3056.646;7.36;0.000;28.509
419.10;943.167;-5547.218;3056.218;  25.117; 880.4;27.156;15.630;11.898;6169.492;  0.000;  0.000;0.0000;1.27;7.49;-58.75;51.39;1.603;1112.230;-5515.808;3056.218;7.25;0.000;28.509
420.10;942.618;-5546.679;3055.792;  24.366; 877.9;26.779;17.279;11.898;6169.492;  0.000;  0.000;0.0000;1.36;7.10;-58.63;51.67;1.603;1112.068;-5515.205;3055.792;7.13;0.000;28.508
421.10;942.070;-5546.142;3055.369;  23.619; 874.3;26.404;19.043;11.898;6169.492;  0.000;  0.000;0.0000;1.46;6.72;-58.52;51.94;1.603;1111.905;-5514.604;3055.369;7.01;0.000;28.507
422.10;941.523;-5545.609;3054.950;  22.875; 869.5;26.031;20.915;11.898;6169.492;  0.000;  0.000;0.0000;1.56;6.34;-58.42;52.21;1.602;1111.744;-5514.007;3054.950;6.89;0.000;28.507
423.10;940.978;-5545.078;3054.534;  22.138; 863.4;25.661;22.884;11.898;6169.492;  0.000;  0.000;0.0000;1.68;5.98;-58.33;52.49;1.602;1111.585;-5513.412;3054.534;6.77;0.000;28.506
424.10;940.436;-5544.552;3054.124;  21.407; 855.9;25.295;24.936;11.898;6169.492;  0.000;  0.000;0.0000;1.80;5.63;-58.25;52.76;1.601;1111.429;-5512.822;3054.124;6.65;0.000;28.505
425.10;939.898;-5544.031;3053.719;  20.683; 847.1;24.933;27.051;11.898;6169.492;  0.000;  0.000;0.0000;1.92;5.29;-58.19;53.03;1.600;1111.277;-5512.237;3053.719;6.53;0.000;28.505
426.10;939.365;-5543.516;3053.319;  19.968; 836.9;24.577;31.174;11.898;6169.492;  0.000;  0.000;0.0000;2.19;4.98;-58.15;53.31;1.600;1111.131;-5511.658;3053.319;6.41;0.000;28.504
427.10;938.839;-5543.008;3052.927;  19.263; 823.8;24.227;33.767;11.898;6169.492;  0.000;  0.000;0.0000;2.34;4.65;-58.10;53.58;1.598;1110.991;-5511.085;3052.927;6.28;0.000;28.504
428.10;938.321;-5542.508;3052.543;  18.570; 809.1;23.885;36.336;11.898;6169.492;  0.000;  0.000;0.0000;2.50;4.36;-58.07;53.85;1.596;1110.860;-5510.520;3052.543;6.15;0.000;28.503
429.10;937.813;-5542.016;3052.167;  17.890; 792.7;23.551;38.831;11.898;6169.492;  0.000;  0.000;0.0000;2.65;4.08;-58.07;54.12;1.593;1110.738;-5509.964;3052.167;6.02;0.000;28.503
430.10;937.315;-5541.535;3051.800;  17.225; 774.8;23.226;41.201;11.898;6169.492;  0.000;  0.000;0.0000;2.80;3.83;-58.10;54.40;1.589;1110.627;-5509.418;3051.800;5.89;0.000;28.502
431.10;936.830;-5541.064;3051.443;  16.576; 755.4;22.911;43.398;11.898;6169.492;  0.000;  0.000;0.0000;2.93;3.61;-58.15;54.67;1.584;1110.529;-5508.881;3051.443;5.76;0.000;28.502
432.10;936.357;-5540.605;3051.097;  15.943; 734.8;22.606;45.376;11.898;6169.492;  0.000;  0.000;0.0000;3.04;3.41;-58.22;54.94;1.577;1110.444;-5508.356;3051.097;5.62;0.000;28.501
433.10;935.899;-5540.157;3050.761;  15.328; 713.1;22.313;47.098;11.898;6169.492;  0.000;  0.000;0.0000;3.13;3.23;-58.32;55.21;1.569;1110.373;-5507.842;3050.761;5.49;0.000;28.501
434.10;935.455;-5539.721;3050.437;  14.731; 690.5;22.031;48.538;11.898;6169.492;  0.000;  0.000;0.0000;3.20;3.08;-58.44;55.48;1.558;1110.317;-5507.340;3050.437;5.35;0.000;28.500
435.10;935.027;-5539.299;3050.123;  14.152; 667.4;21.762;49.681;11.898;6169.492;  0.000;  0.000;0.0000;3.25;2.95;-58.58;55.76;1.545;1110.278;-5506.850;3050.123;5.21;0.000;28.500
436.10;934.615;-5538.889;3049.822;  13.593; 643.3;21.504;51.783;11.898;6169.492;  0.000;  0.000;0.0000;3.35;2.84;-58.74;56.03;1.529;1110.254;-5506.372;3049.822;5.07;0.000;28.500
437.10;934.219;-5538.493;3049.531;  13.053; 619.2;21.259;51.595;11.898;6169.492;  0.000;  0.000;0.0000;3.30;2.75;-58.92;56.30;1.510;1110.248;-5505.908;3049.531;4.92;0.000;28.499
438.10;933.840;-5538.110;3049.253;  12.533; 595.7;21.025;51.252;11.898;6169.492;  0.000;  0.000;0.0000;3.23;2.68;-59.13;56.57;1.489;1110.258;-5505.456;3049.253;4.78;0.000;28.499
439.10;933.476;-5537.740;3048.985;  12.032; 572.9;20.804;50.763;11.898;6169.492;  0.000;  0.000;0.0000;3.15;2.63;-59.35;56.84;1.467;1110.284;-5505.017;3048.985;4.63;0.000;28.499
440.10;933.128;-5537.382;3048.728;  11.548; 551.0;20.593;50.143;11.898;6169.492;  0.000;  0.000;0.0000;3.06;2.60;-59.59;57.11;1.442;1110.327;-5504.589;3048.728;4.48;0.000;28.498
441.10;932.795;-5537.036;3048.481;  11.082; 530.1;20.393;49.417;11.898;6169.492;  0.000;  0.000;0.0000;2.96;2.58;-59.85;57.38;1.416;1110.384;-5504.173;3048.481;4.32;0.000;28.498
442.10;932.477;-5536.701;3048.244;  10.632; 510.2;20.203;48.620;11.898;6169.492;  0.000;  0.000;0.0000;2.84;2.57;-60.12;57.65;1.384;1110.456;-5503.768;3048.244;4.17;0.000;28.498
443.10;932.172;-5536.377;3048.016;  10.197; 491.4;20.023;47.783;11.898;6169.492;  0.000;  0.000;0.0000;2.73;2.58;-60.40;57.92;1.352;1110.542;-5503.373;3048.016;4.01;0.000;28.498
444.10;931.880;-5536.063;3047.796;   9.778; 473.8;19.851;46.928;11.898;6169.492;  0.000;  0.000;0.0000;2.62;2.59;-60.68;58.19;1.320;1110.641;-5502.987;3047.796;3.85;0.000;28.497
445.10;931.599;-5535.758;3047.585;   9.372; 457.2;19.688;46.071;11.898;6169.492;  0.000;  0.000;0.0000;2.51;2.61;-60.98;58.46;1.288;1110.753;-5502.611;3047.585;3.69;0.000;28.497
446.10;931.331;-5535.462;3047.380;   8.978; 441.8;19.533;45.228;11.898;6169.492;  0.000;  0.000;0.0000;2.41;2.63;-61.27;58.73;1.257;1110.876;-5502.242;3047.380;3.53;0.000;28.497
447.10;931.072;-5535.174;3047.183;   8.597; 427.3;19.384;44.410;11.898;6169.492;  0.000;  0.000;0.0000;2.31;2.66;-61.58;59.00;1.227;1111.009;-5501.882;3047.183;3.36;0.000;28.497
448.10;930.824;-5534.893;3046.993;   8.227; 413.9;19.243;43.625;11.898;6169.492;  0.000;  0.000;0.0000;2.22;2.69;-61.88;59.27;1.198;1111.153;-5501.529;3046.993;3.19;0.000;28.497
449.10;930.585;-5534.620;3046.808;   7.867; 401.4;19.108;42.878;11.898;6169.492;  0.000;  0.000;0.0000;2.13;2.72;-62.18;59.54;1.171;1111.307;-5501.183;3046.808;3.02;0.000;28.497
450.10;930.355;-5534.354;3046.629;   7.517; 389.7;18.978;42.173;11.898;6169.492;  0.000;  0.000;0.0000;2.05;2.75;-62.49;59.81;1.144;1111.469;-5500.843;3046.629;2.84;0.000;28.497
451.10;930.133;-5534.093;3046.456;   7.176; 378.8;18.854;41.511;11.898;6169.492;  0.000;  0.000;0.0000;1.97;2.78;-62.79;60.08;1.119;1111.639;-5500.509;3046.456;2.66;0.000;28.496
452.10;929.918;-5533.839;3046.287;   6.844; 367.3;18.735;40.601;11.898;6169.492;  0.000;  0.000;0.0000;2.13;2.81;-63.09;60.35;1.093;1111.818;-5500.180;3046.287;2.48;0.000;28.496
453.10;929.712;-5533.591;3046.124;   6.522; 355.8;18.621;39.554;11.898;6169.492;  0.000;  0.000;0.0000;2.03;2.85;-63.40;60.61;1.066;1112.005;-5499.858;3046.124;2.30;0.000;28.496
454.10;929.514;-5533.349;3045.966;   6.208; 345.3;18.513;38.618;11.898;6169.492;  0.000;  0.000;0.0000;1.94;2.88;-63.70;60.88;1.041;1112.199;-5499.542;3045.966;2.11;0.000;28.496
455.10;929.322;-5533.113;3045.813;   5.903; 335.6;18.408;37.780;11.898;6169.492;  0.000;  0.000;0.0000;1.85;2.92;-64.01;61.15;1.019;1112.401;-5499.232;3045.813;1.92;0.000;28.496
456.10;929.137;-5532.883;3045.664;   5.605; 326.8;18.308;37.033;11.898;6169.492;  0.000;  0.000;0.0000;1.78;2.95;-64.32;61.42;0.998;1112.610;-5498.926;3045.664;1.73;0.000;28.496
457.10;928.959;-5532.657;3045.519;   5.314; 318.6;18.212;36.365;11.898;6169.492;  0.000;  0.000;0.0000;1.72;2.99;-64.62;61.68;0.978;1112.825;-5498.625;3045.519;1.53;0.000;28.496
458.10;928.786;-5532.435;3045.378;   5.029; 311.1;18.119;35.770;11.898;6169.492;  0.000;  0.000;0.0000;1.66;3.02;-64.92;61.95;0.960;1113.046;-5498.328;3045.378;1.33;0.000;28.496
459.10;928.618;-5532.217;3045.240;   4.751; 304.2;18.030;35.240;11.898;6169.492;  0.000;  0.000;0.0000;1.61;3.04;-65.21;62.22;0.943;1113.271;-5498.035;3045.240;1.12;0.000;28.496
460.10;928.455;-5532.004;3045.105;   4.477; 297.7;17.943;34.768;11.898;6169.492;  0.000;  0.000;0.0000;1.56;3.07;-65.50;62.48;0.928;1113.502;-5497.746;3045.105;0.92;0.000;28.496
461.10;928.297;-5531.793;3044.974;   4.209; 291.7;17.860;34.349;11.898;6169.492;  0.000;  0.000;0.0000;1.52;3.09;-65.79;62.75;0.914;1113.738;-5497.460;3044.974;0.70;0.000;28.496
462.10;928.143;-5531.586;3044.845;   3.945; 286.2;17.778;33.977;11.898;6169.492;  0.000;  0.000;0.0000;1.46;0.00;-66.13;66.13;0.900;1113.978;-5497.176;3044.845;1.69;0.000;28.496
463.10;927.994;-5531.381;3044.718;   3.685; 281.0;17.701;33.651;11.898;6169.492;  0.000;  0.000;0.0000;1.43;0.00;-66.92;66.92;0.888;1114.223;-5496.895;3044.718;1.70;0.000;28.496
464.10;927.851;-5531.177;3044.592;   3.428; 276.1;17.628;33.374;11.898;6169.492;  0.000;  0.000;0.0000;1.40;0.00;-67.70;67.70;0.876;1114.474;-5496.615;3044.592;1.70;0.000;28.496
465.10;927.714;-5530.975;3044.469;   3.174; 271.6;17.559;33.142;11.898;6169.492;  0.000;  0.000;0.0000;1.37;-0.00;-68.47;68.47;0.865;1114.731;-5496.337;3044.469;1.71;0.000;28.496
466.10;927.582;-5530.775;3044.346;   2.923; 267.4;17.493;32.948;11.898;6169.492;  0.000;  0.000;0.0000;1.35;-0.00;-69.23;69.23;0.855;1114.993;-5496.060;3044.346;1.71;0.000;28.496
467.10;927.455;-5530.576;3044.225;   2.674; 263.6;17.431;32.808;11.898;6169.492;  0.000;  0.000;0.0000;1.17;0.00;-69.97;69.97;0.846;1115.260;-5495.784;3044.225;1.72;0.000;28.496
468.10;927.333;-5530.379;3044.106;   2.429; 255.2;17.372;31.508;11.736;6181.625;  0.000;  0.000;1.0000;2.30;-0.00;-70.70;70.70;0.163;1115.532;-5495.510;3044.106;1.72;1.561;28.496
469.10;927.220;-5530.190;3043.991;   2.194; 242.0;17.318;29.000;11.466;6201.923;  0.000;  0.000;1.0000;2.27;-0.00;-71.44;71.44;0.148;1115.813;-5495.243;3043.991;1.73;1.693;28.496
470.10;927.115;-5530.009;3043.883;   1.970; 229.1;17.269;26.561;11.196;6222.317;  0.000;  0.000;1.0000;2.25;0.00;-72.19;72.19;0.131;1116.103;-5494.985;3043.883;1.74;1.844;28.495
471.10;927.019;-5529.837;3043.780;   1.758; 216.5;17.225;24.200;10.926;6242.810;  0.000;  0.000;1.0000;2.23;0.00;-72.95;72.95;0.111;1116.402;-5494.735;3043.780;1.75;2.020;28.495
472.10;926.930;-5529.674;3043.682;   1.557; 204.1;17.185;21.926;10.656;6263.405;  0.000;  0.000;1.0000;2.21;-0.00;-73.72;73.72;0.089;1116.709;-5494.493;3043.682;1.76;2.225;28.495
473.10;926.849;-5529.519;3043.590;   1.367; 192.0;17.150;19.746;10.386;6284.104;  0.000;  0.000;1.0000;2.19;0.00;-74.50;74.50;0.062;1117.023;-5494.260;3043.590;1.77;2.466;28.495
474.10;926.776;-5529.372;3043.503;   1.188; 180.0;17.118;17.663;10.116;6304.910;  0.000;  0.000;1.0000;2.17;-0.00;-75.30;75.30;0.030;1117.345;-5494.034;3043.503;1.79;2.751;28.495
475.10;926.709;-5529.233;3043.422;   1.019; 168.3;17.090;15.683;9.846;6325.826;  0.000;  0.000;1.0000;2.16;0.00;-76.10;76.10;0.000;1117.674;-5493.817;3043.422;1.80;3.093;28.495
476.10;926.649;-5529.104;3043.345;   0.861; 156.6;17.065;13.776;9.577;6346.856;  0.000;  0.000;1.0000;2.17;0.00;-76.91;76.91;0.000;1118.010;-5493.607;3043.345;1.82;3.515;28.495
477.10;926.595;-5528.982;3043.274;   0.715; 144.8;17.044;11.939;9.307;6368.003;  0.000;  0.000;1.0000;2.18;-0.00;-77.74;77.74;0.000;1118.353;-5493.407;3043.274;1.84;4.049;28.495
478.10;926.548;-5528.870;3043.209;   0.579; 132.9;17.025;10.184;9.037;6389.272;  0.000;  0.000;1.0000;2.20;0.00;-78.58;78.58;0.000;1118.702;-5493.214;3043.209;1.87;4.739;28.495
479.10;926.506;-5528.766;3043.149;   0.455; 120.9;17.010;8.524;8.767;6410.666;  0.000;  0.000;1.0000;2.21;0.00;-79.43;79.43;0.000;1119.057;-5493.031;3043.149;1.90;5.653;28.495
480.10;926.470;-5528.672;3043.094;   0.342; 108.8;16.997;6.974;8.497;6432.190;  0.000;  0.000;1.0000;2.22;0.00;-80.30;80.30;0.000;1119.418;-5492.856;3043.094;1.94;6.899;28.495
481.10;926.439;-5528.588;3043.046;   0.241;  96.6;16.986;5.546;8.227;6453.850;  0.000;  0.000;1.0000;2.24;-0.00;-81.19;81.19;0.000;1119.785;-5492.691;3043.046;1.98;8.665;28.495
482.10;926.413;-5528.513;3043.003;   0.152;  84.3;16.977;4.254;7.957;6475.650;  0.000;  0.000;1.0000;2.25;0.00;-82.10;82.10;0.000;1120.157;-5492.536;3043.003;2.04;11.284;28.495
483.10;926.392;-5528.448;3042.966;   0.075;  71.8;16.971;3.109;7.687;6497.597;  0.000;  0.000;1.0000;2.27;0.00;-83.04;83.04;0.000;1120.534;-5492.390;3042.966;2.12;4.051;28.495
484.10;926.375;-5528.393;3042.935;   0.010;  59.2;16.966;2.126;7.418;6519.695;  0.000;  0.000;1.0000;2.29;-0.00;-84.02;84.02;0.000;1120.916;-5492.254;3042.935;2.23;5.921;28.495
