#Time	x(km)		y(km)		z(km)		alt(km)	    relVel		dwnrng(km)	 Q(kPa)	   Fuel(tons) dV_tot	  dV_grav	  dv_drag		 throttle	accel (g's)
143.10	  970.103	-5598.049	 3097.881	  92.952	2050.011	42.110	     0.000	   117.283	  2443.384	     0.000	     0.000	     0.750	     1.541
144.10	  971.427	-5599.398	 3098.696	  94.707	2064.102	43.169	     0.000	   115.394	  2465.561	     0.000	     0.000	     1.000	     2.163
145.10	  972.766	-5600.756	 3099.517	  96.475	2084.886	44.240	     0.000	   112.957	  2494.411	     0.000	     0.000	     1.000	     2.192
146.10	  974.123	-5602.124	 3100.345	  98.259	2105.962	45.326	     0.000	   110.520	  2523.536	     0.000	     0.000	     1.000	     2.222
147.10	  975.497	-5603.504	 3101.181	 100.058	2127.333	46.425	     0.000	   108.084	  2552.943	     0.000	     0.000	     1.000	     2.252
148.10	  976.889	-5604.895	 3102.023	 101.873	2149.007	47.540	     0.000	   105.647	  2582.636	     0.000	     0.000	     1.000	     2.282
149.10	  978.298	-5606.298	 3102.872	 103.705	2170.987	48.669	     0.000	   103.210	  2612.622	     0.000	     0.000	     1.000	     2.313
150.10	  979.726	-5607.712	 3103.729	 105.552	2193.280	49.813	     0.000	   100.773	  2642.905	     0.000	     0.000	     1.000	     2.345
151.10	  981.172	-5609.138	 3104.593	 107.417	2215.893	50.972	     0.000	    98.336	  2673.493	     0.000	     0.000	     1.000	     2.377
152.10	  982.636	-5610.575	 3105.464	 109.298	2238.830	52.146	     0.000	    95.899	  2704.390	     0.000	     0.000	     1.000	     2.410
153.10	  984.119	-5612.025	 3106.344	 111.197	2262.099	53.336	     0.000	    93.463	  2735.604	     0.000	     0.000	     1.000	     2.444
154.10	  985.621	-5613.487	 3107.230	 113.113	2282.536	54.541	     0.000	    91.269	  2763.973	     0.000	     0.000	     0.000	     0.966
155.10	  987.128	-5614.947	 3108.116	 115.029	2274.603	55.751	     0.000	    91.269	  2763.973	     0.000	     0.000	     0.000	     0.965
156.10	  988.633	-5616.399	 3108.998	 116.936	2265.871	56.961	     0.000	    91.269	  2763.973	     0.000	     0.000	     0.000	     1.954
157.10	  990.137	-5617.843	 3109.874	 118.834	2257.969	58.169	     0.000	    91.269	  2763.973	     0.000	     0.000	     0.000	     0.964
158.10	  991.638	-5619.279	 3110.747	 120.722	2250.082	59.377	     0.000	    91.269	  2763.973	     0.000	     0.000	     0.000	     0.963
159.10	  993.139	-5620.706	 3111.614	 122.601	2242.209	60.583	     0.000	    91.269	  2763.973	     0.000	     0.000	     0.000	     0.963
160.10	  994.637	-5622.126	 3112.477	 124.471	2234.351	61.789	     0.000	    91.269	  2763.973	     0.000	     0.000	     0.000	     0.962
161.10	  996.134	-5623.538	 3113.336	 126.333	2226.508	62.994	     0.000	    91.269	  2763.973	     0.000	     0.000	     0.000	     0.962
162.10	  997.629	-5624.942	 3114.190	 128.185	2218.680	64.197	     0.000	    91.269	  2763.973	     0.000	     0.000	     0.000	     0.961
163.10	  999.123	-5626.338	 3115.039	 130.028	2210.867	65.400	     0.000	    91.269	  2763.973	     0.000	     0.000	     0.000	     0.960
164.10	 1000.615	-5627.727	 3115.884	 131.862	2203.069	66.602	     0.000	    91.269	  2763.973	     0.000	     0.000	     0.000	     0.960
165.10	 1002.105	-5629.107	 3116.725	 133.688	2195.286	67.803	     0.000	    91.269	  2763.973	     0.000	     0.000	     0.000	     0.959
166.10	 1003.594	-5630.480	 3117.561	 135.504	2187.518	69.003	     0.000	    91.269	  2763.973	     0.000	     0.000	     0.000	     0.959
167.10	 1005.081	-5631.844	 3118.392	 137.311	2179.766	70.203	     0.000	    91.269	  2763.973	     0.000	     0.000	     0.000	     0.958
168.10	 1006.566	-5633.201	 3119.219	 139.109	2172.029	71.401	     0.000	    91.269	  2763.973	     0.000	     0.000	     0.000	     0.958
169.10	 1008.050	-5634.550	 3120.042	 140.899	2164.307	72.599	     0.000	    91.269	  2763.973	     0.000	     0.000	     0.000	     0.957
170.10	 1009.532	-5635.891	 3120.860	 142.679	2156.601	73.795	     0.000	    91.269	  2763.973	     0.000	     0.000	     0.000	     0.957
171.10	 1011.012	-5637.224	 3121.673	 144.450	2148.910	74.991	     0.000	    91.269	  2763.973	     0.000	     0.000	     0.000	     0.956
172.10	 1012.491	-5638.550	 3122.482	 146.213	2141.235	76.186	     0.000	    91.269	  2763.973	     0.000	     0.000	     0.000	     0.956
173.10	 1013.968	-5639.867	 3123.287	 147.966	2133.576	77.380	     0.000	    91.269	  2763.973	     0.000	     0.000	     0.000	     0.955
174.10	 1015.444	-5641.177	 3124.087	 149.711	2125.932	78.573	     0.000	    91.269	  2763.973	     0.000	     0.000	     0.000	     0.955
175.10	 1016.918	-5642.479	 3124.883	 151.446	2118.305	79.765	     0.000	    91.269	  2763.973	     0.000	     0.000	     0.000	     0.954
176.10	 1018.390	-5643.773	 3125.674	 153.173	2110.693	80.957	     0.000	    91.269	  2763.973	     0.000	     0.000	     0.000	     0.954
177.10	 1019.861	-5645.059	 3126.461	 154.891	2103.098	82.147	     0.000	    91.269	  2763.973	     0.000	     0.000	     0.000	     0.953
178.10	 1021.330	-5646.337	 3127.243	 156.600	2095.518	83.337	     0.000	    91.269	  2763.973	     0.000	     0.000	     0.000	     0.953
179.10	 1022.797	-5647.608	 3128.021	 158.299	2087.955	84.526	     0.000	    91.269	  2763.973	     0.000	     0.000	     0.000	     0.952
180.10	 1024.263	-5648.870	 3128.794	 159.990	2080.408	85.714	     0.000	    91.269	  2763.973	     0.000	     0.000	     0.000	     0.952
181.10	 1025.727	-5650.125	 3129.563	 161.672	2072.878	86.901	     0.000	    91.269	  2763.973	     0.000	     0.000	     0.000	     0.951
182.10	 1027.189	-5651.372	 3130.327	 163.345	2065.364	88.088	     0.000	    91.269	  2763.973	     0.000	     0.000	     0.000	     0.951
183.10	 1028.650	-5652.612	 3131.087	 165.010	2060.006	89.274	     0.000	    91.188	  2766.114	     0.000	     0.000	     1.000	     1.496
184.10	 1030.098	-5653.847	 3131.844	 166.667	2039.857	90.448	     0.000	    90.376	  2787.599	     0.000	     0.000	     1.000	     2.397
185.10	 1031.523	-5655.077	 3132.596	 168.315	2019.697	91.601	     0.000	    89.564	  2809.238	     0.000	     0.000	     1.000	     2.411
186.10	 1032.925	-5656.304	 3133.345	 169.954	1999.530	92.732	     0.000	    88.751	  2831.031	     0.000	     0.000	     1.000	     2.426
187.10	 1034.304	-5657.527	 3134.089	 171.585	1979.359	93.840	     0.000	    87.939	  2852.981	     0.000	     0.000	     1.000	     2.440
188.10	 1035.659	-5658.745	 3134.830	 173.206	1959.187	94.927	     0.000	    87.127	  2875.090	     0.000	     0.000	     1.000	     2.455
189.10	 1036.991	-5659.960	 3135.566	 174.819	1939.020	95.991	     0.000	    86.314	  2897.361	     0.000	     0.000	     1.000	     2.470
190.10	 1038.299	-5661.170	 3136.298	 176.422	1918.862	97.033	     0.000	    85.502	  2919.796	     0.000	     0.000	     1.000	     2.486
191.10	 1039.583	-5662.377	 3137.027	 178.017	1898.716	98.052	     0.000	    84.690	  2942.397	     0.000	     0.000	     1.000	     2.501
192.10	 1040.844	-5663.579	 3137.751	 179.602	1878.589	99.048	     0.000	    83.878	  2965.167	     0.000	     0.000	     1.000	     2.517
193.10	 1042.080	-5664.778	 3138.472	 181.179	1858.485	100.021	     0.000	    83.065	  2988.109	     0.000	     0.000	     1.000	     2.534
194.10	 1043.292	-5665.973	 3139.189	 182.747	1838.411	100.971	     0.000	    82.253	  3011.225	     0.000	     0.000	     1.000	     2.550
195.10	 1044.479	-5667.164	 3139.901	 184.306	1818.372	101.898	     0.000	    81.441	  3034.517	     0.000	     0.000	     1.000	     2.567
196.10	 1045.641	-5668.351	 3140.610	 185.855	1798.375	102.802	     0.000	    80.629	  3057.989	     0.000	     0.000	     1.000	     2.584
197.10	 1046.779	-5669.534	 3141.314	 187.396	1778.428	103.682	     0.000	    79.816	  3081.643	     0.000	     0.000	     1.000	     2.601
198.10	 1047.891	-5670.714	 3142.015	 188.928	1758.538	104.539	     0.000	    79.004	  3105.482	     0.000	     0.000	     1.000	     2.619
199.10	 1048.979	-5671.890	 3142.712	 190.451	1738.712	105.371	     0.000	    78.192	  3129.510	     0.000	     0.000	     1.000	     2.636
200.10	 1050.041	-5673.062	 3143.405	 191.965	1718.960	106.180	     0.000	    77.379	  3153.728	     0.000	     0.000	     1.000	     2.655
201.10	 1051.077	-5674.231	 3144.094	 193.470	1699.290	106.964	     0.000	    76.567	  3178.140	     0.000	     0.000	     1.000	     2.673
202.10	 1052.087	-5675.396	 3144.779	 194.965	1679.713	107.724	     0.000	    75.755	  3202.749	     0.000	     0.000	     1.000	     2.692
203.10	 1053.072	-5676.558	 3145.460	 196.452	1660.240	108.460	     0.000	    74.943	  3227.559	     0.000	     0.000	     1.000	     2.711
204.10	 1054.030	-5677.716	 3146.137	 197.930	1640.880	109.171	     0.000	    74.130	  3252.572	     0.000	     0.000	     1.000	     2.731
205.10	 1054.962	-5678.870	 3146.810	 199.399	1621.648	109.857	     0.000	    73.318	  3277.793	     0.000	     0.000	     1.000	     2.751
206.10	 1055.867	-5680.022	 3147.479	 200.859	1602.554	110.518	     0.000	    72.506	  3303.224	     0.000	     0.000	     1.000	     2.771
207.10	 1056.746	-5681.169	 3148.145	 202.309	1583.613	111.153	     0.000	    71.693	  3328.869	     0.000	     0.000	     1.000	     2.791
208.10	 1057.597	-5682.314	 3148.806	 203.751	1564.840	111.764	     0.000	    70.881	  3354.731	     0.000	     0.000	     1.000	     2.812
209.10	 1058.421	-5683.455	 3149.464	 205.184	1546.249	112.348	     0.000	    70.069	  3380.815	     0.000	     0.000	     1.000	     2.834
210.10	 1059.218	-5684.593	 3150.118	 206.607	1527.858	112.907	     0.000	    69.257	  3407.124	     0.000	     0.000	     1.000	     2.856
211.10	 1059.987	-5685.727	 3150.768	 208.022	1509.684	113.440	     0.000	    68.444	  3433.663	     0.000	     0.000	     1.000	     2.878
212.10	 1060.728	-5686.859	 3151.414	 209.428	1491.746	113.946	     0.000	    67.632	  3460.434	     0.000	     0.000	     1.000	     2.900
213.10	 1061.441	-5687.987	 3152.056	 210.824	1474.064	114.426	     0.000	    66.820	  3487.443	     0.000	     0.000	     1.000	     2.923
214.10	 1062.125	-5689.112	 3152.694	 212.212	1456.658	114.880	     0.000	    66.007	  3514.694	     0.000	     0.000	     1.000	     2.947
215.10	 1062.781	-5690.235	 3153.329	 213.590	1439.552	115.307	     0.000	    65.195	  3542.190	     0.000	     0.000	     1.000	     2.971
216.10	 1063.408	-5691.354	 3153.959	 214.959	1422.768	115.706	     0.000	    64.383	  3569.937	     0.000	     0.000	     1.000	     2.995
217.10	 1064.006	-5692.470	 3154.586	 216.319	1406.332	116.078	     0.000	    63.571	  3597.939	     0.000	     0.000	     1.000	     3.020
218.10	 1064.574	-5693.583	 3155.209	 217.671	1390.270	116.423	     0.000	    62.758	  3626.200	     0.000	     0.000	     1.000	     3.045
219.10	 1065.113	-5694.693	 3155.828	 219.013	1374.611	116.740	     0.000	    61.946	  3654.726	     0.000	     0.000	     1.000	     3.071
220.10	 1065.622	-5695.801	 3156.444	 220.346	1359.384	117.029	     0.000	    61.134	  3683.522	     0.000	     0.000	     1.000	     3.097
221.10	 1066.101	-5696.906	 3157.055	 221.670	1344.619	117.289	     0.000	    60.321	  3712.592	     0.000	     0.000	     1.000	     3.124
222.10	 1066.549	-5698.008	 3157.663	 222.985	1330.349	117.521	     0.000	    59.509	  3741.943	     0.000	     0.000	     1.000	     3.152
223.10	 1066.967	-5699.107	 3158.267	 224.290	1316.608	117.725	     0.000	    58.697	  3771.579	     0.000	     0.000	     1.000	     3.180
224.10	 1067.354	-5700.204	 3158.867	 225.587	1303.431	117.899	     0.000	    57.885	  3801.505	     0.000	     0.000	     1.000	     3.208
225.10	 1067.709	-5701.298	 3159.464	 226.875	1290.855	118.044	     0.000	    57.072	  3831.729	     0.000	     0.000	     1.000	     3.237
226.10	 1068.033	-5702.389	 3160.056	 228.153	1278.919	118.159	     0.000	    56.260	  3862.256	     0.000	     0.000	     1.000	     3.267
227.10	 1068.325	-5703.479	 3160.645	 229.423	1267.661	118.245	     0.000	    55.448	  3893.092	     0.000	     0.000	     1.000	     3.298
228.10	 1068.584	-5704.565	 3161.231	 230.683	1257.123	118.300	     0.000	    54.635	  3924.242	     0.000	     0.000	     1.000	     3.329
229.10	 1068.811	-5705.650	 3161.812	 231.934	1247.346	118.325	     0.000	    53.823	  3955.715	     0.000	     0.000	     1.000	     3.361
230.10	 1069.006	-5706.732	 3162.390	 233.176	1238.372	118.320	     0.000	    53.011	  3987.516	     0.000	     0.000	     1.000	     3.393
231.10	 1069.167	-5707.811	 3162.964	 234.409	1230.245	118.283	     0.000	    52.199	  4019.652	     0.000	     0.000	     1.000	     3.426
232.10	 1069.295	-5708.889	 3163.534	 235.633	1223.008	118.215	     0.000	    51.386	  4052.131	     0.000	     0.000	     1.000	     3.460
233.10	 1069.389	-5709.964	 3164.101	 236.848	1216.706	118.115	     0.000	    50.574	  4084.960	     0.000	     0.000	     1.000	     3.495
234.10	 1069.448	-5711.037	 3164.663	 238.054	1211.382	117.984	     0.000	    49.762	  4118.147	     0.000	     0.000	     1.000	     3.530
235.10	 1069.474	-5712.109	 3165.223	 239.251	1207.079	117.820	     0.000	    48.950	  4151.699	     0.000	     0.000	     1.000	     3.567
236.10	 1069.464	-5713.178	 3165.778	 240.438	1203.841	117.623	     0.000	    48.137	  4185.625	     0.000	     0.000	     1.000	     3.604
237.10	 1069.419	-5714.245	 3166.330	 241.617	1201.710	117.394	     0.000	    47.325	  4219.932	     0.000	     0.000	     1.000	     3.642
238.10	 1069.338	-5715.311	 3166.878	 242.786	1200.725	117.131	     0.000	    46.513	  4254.630	     0.000	     0.000	     1.000	     3.681
239.10	 1069.222	-5716.375	 3167.423	 243.947	1199.979	116.835	     0.000	    45.782	  4286.200	     0.000	     0.000	     0.000	     0.928
240.10	 1069.094	-5717.432	 3167.963	 245.098	1191.251	116.526	     0.000	    45.782	  4286.200	     0.000	     0.000	     0.000	     0.927
241.10	 1068.963	-5718.482	 3168.499	 246.240	1182.532	116.218	     0.000	    45.782	  4286.200	     0.000	     0.000	     0.000	     0.927
242.10	 1068.831	-5719.524	 3169.031	 247.373	1173.822	115.909	     0.000	    45.782	  4286.200	     0.000	     0.000	     0.000	     0.927
243.10	 1068.698	-5720.559	 3169.558	 248.497	1165.119	115.601	     0.000	    45.782	  4286.200	     0.000	     0.000	     0.000	     0.926
244.10	 1068.563	-5721.585	 3170.081	 249.612	1156.426	115.292	     0.000	    45.782	  4286.200	     0.000	     0.000	     0.000	     0.926
245.10	 1068.426	-5722.604	 3170.600	 250.718	1147.740	114.984	     0.000	    45.782	  4286.200	     0.000	     0.000	     0.000	     0.926
246.10	 1068.288	-5723.614	 3171.114	 251.814	1139.064	114.675	     0.000	    45.782	  4286.200	     0.000	     0.000	     0.000	     0.926
247.10	 1068.148	-5724.617	 3171.624	 252.902	1130.396	114.366	     0.000	    45.782	  4286.200	     0.000	     0.000	     0.000	     0.925
248.10	 1068.006	-5725.613	 3172.130	 253.981	1121.737	114.058	     0.000	    45.782	  4286.200	     0.000	     0.000	     0.000	     0.925
249.10	 1067.863	-5726.600	 3172.631	 255.050	1113.087	113.749	     0.000	    45.782	  4286.200	     0.000	     0.000	     0.000	     0.925
250.10	 1067.718	-5727.580	 3173.128	 256.111	1104.447	113.440	     0.000	    45.782	  4286.200	     0.000	     0.000	     0.000	     0.924
251.10	 1067.572	-5728.551	 3173.621	 257.162	1095.815	113.132	     0.000	    45.782	  4286.200	     0.000	     0.000	     0.000	     0.924
252.10	 1067.424	-5729.515	 3174.109	 258.205	1087.193	112.823	     0.000	    45.782	  4286.200	     0.000	     0.000	     0.000	     0.924
253.10	 1067.275	-5730.471	 3174.593	 259.238	1078.581	112.514	     0.000	    45.782	  4286.200	     0.000	     0.000	     0.000	     0.923
254.10	 1067.124	-5731.420	 3175.073	 260.263	1069.978	112.205	     0.000	    45.782	  4286.200	     0.000	     0.000	     0.000	     0.923
255.10	 1066.971	-5732.360	 3175.548	 261.278	1061.385	111.896	     0.000	    45.782	  4286.200	     0.000	     0.000	     0.000	     0.923
256.10	 1066.817	-5733.293	 3176.019	 262.284	1052.801	111.588	     0.000	    45.782	  4286.200	     0.000	     0.000	     0.000	     0.923
257.10	 1066.661	-5734.218	 3176.486	 263.281	1044.228	111.279	     0.000	    45.782	  4286.200	     0.000	     0.000	     0.000	     0.922
258.10	 1066.504	-5735.135	 3176.948	 264.269	1035.665	110.970	     0.000	    45.782	  4286.200	     0.000	     0.000	     0.000	     0.922
259.10	 1066.345	-5736.044	 3177.406	 265.249	1027.113	110.661	     0.000	    45.782	  4286.200	     0.000	     0.000	     0.000	     0.922
260.10	 1066.184	-5736.946	 3177.860	 266.219	1018.571	110.352	     0.000	    45.782	  4286.200	     0.000	     0.000	     0.000	     0.921
261.10	 1066.022	-5737.840	 3178.309	 267.180	1010.039	110.043	     0.000	    45.782	  4286.200	     0.000	     0.000	     0.000	     0.921
262.10	 1065.858	-5738.726	 3178.754	 268.132	1001.519	109.734	     0.000	    45.782	  4286.200	     0.000	     0.000	     0.000	     0.921
263.10	 1065.693	-5739.604	 3179.195	 269.075	 993.010	109.425	     0.000	    45.782	  4286.200	     0.000	     0.000	     0.000	     0.921
264.10	 1065.526	-5740.474	 3179.632	 270.009	 984.512	109.116	     0.000	    45.782	  4286.200	     0.000	     0.000	     0.000	     0.920
265.10	 1065.358	-5741.337	 3180.064	 270.934	 976.025	108.807	     0.000	    45.782	  4286.200	     0.000	     0.000	     0.000	     0.920
266.10	 1065.188	-5742.192	 3180.492	 271.850	 967.550	108.497	     0.000	    45.782	  4286.200	     0.000	     0.000	     0.000	     0.920
267.10	 1065.016	-5743.039	 3180.915	 272.757	 959.087	108.188	     0.000	    45.782	  4286.200	     0.000	     0.000	     0.000	     0.920
268.10	 1064.843	-5743.878	 3181.334	 273.655	 950.636	107.879	     0.000	    45.782	  4286.200	     0.000	     0.000	     0.000	     0.919
269.10	 1064.668	-5744.710	 3181.749	 274.544	 942.197	107.570	     0.000	    45.782	  4286.200	     0.000	     0.000	     0.000	     0.919
270.10	 1064.492	-5745.533	 3182.160	 275.424	 933.771	107.261	     0.000	    45.782	  4286.200	     0.000	     0.000	     0.000	     0.919
271.10	 1064.314	-5746.349	 3182.566	 276.295	 925.358	106.952	     0.000	    45.782	  4286.200	     0.000	     0.000	     0.000	     0.919
272.10	 1064.135	-5747.158	 3182.968	 277.157	 916.958	106.642	     0.000	    45.782	  4286.200	     0.000	     0.000	     0.000	     0.918
273.10	 1063.954	-5747.958	 3183.366	 278.010	 908.572	106.333	     0.000	    45.782	  4286.200	     0.000	     0.000	     0.000	     0.918
274.10	 1063.772	-5748.751	 3183.759	 278.854	 900.199	106.024	     0.000	    45.782	  4286.200	     0.000	     0.000	     0.000	     0.918
275.10	 1063.588	-5749.536	 3184.148	 279.689	 891.839	105.715	     0.000	    45.782	  4286.200	     0.000	     0.000	     0.000	     0.918
276.10	 1063.402	-5750.313	 3184.533	 280.515	 883.495	105.405	     0.000	    45.782	  4286.200	     0.000	     0.000	     0.000	     0.918
277.10	 1063.215	-5751.082	 3184.914	 281.332	 875.164	105.096	     0.000	    45.782	  4286.200	     0.000	     0.000	     0.000	     0.917
278.10	 1063.027	-5751.844	 3185.290	 282.140	 866.849	104.786	     0.000	    45.782	  4286.200	     0.000	     0.000	     0.000	     0.917
279.10	 1062.836	-5752.598	 3185.662	 282.939	 858.549	104.477	     0.000	    45.782	  4286.200	     0.000	     0.000	     0.000	     0.917
280.10	 1062.645	-5753.344	 3186.029	 283.729	 850.264	104.168	     0.000	    45.782	  4286.200	     0.000	     0.000	     0.000	     0.917
281.10	 1062.452	-5754.082	 3186.393	 284.510	 841.995	103.858	     0.000	    45.782	  4286.200	     0.000	     0.000	     0.000	     0.916
282.10	 1062.257	-5754.813	 3186.752	 285.282	 833.743	103.549	     0.000	    45.782	  4286.200	     0.000	     0.000	     0.000	     0.916
283.10	 1062.061	-5755.536	 3187.106	 286.045	 825.508	103.239	     0.000	    45.782	  4286.200	     0.000	     0.000	     0.000	     0.916
284.10	 1061.863	-5756.251	 3187.457	 286.799	 817.289	102.930	     0.000	    45.782	  4286.200	     0.000	     0.000	     0.000	     0.916
285.10	 1061.663	-5756.958	 3187.803	 287.544	 809.088	102.620	     0.000	    45.782	  4286.200	     0.000	     0.000	     0.000	     0.916
286.10	 1061.463	-5757.658	 3188.145	 288.281	 800.905	102.311	     0.000	    45.782	  4286.200	     0.000	     0.000	     0.000	     0.915
287.10	 1061.260	-5758.350	 3188.482	 289.008	 792.741	102.001	     0.000	    45.782	  4286.200	     0.000	     0.000	     0.000	     0.915
288.10	 1061.056	-5759.034	 3188.816	 289.726	 784.596	101.692	     0.000	    45.782	  4286.200	     0.000	     0.000	     0.000	     0.915
289.10	 1060.851	-5759.710	 3189.145	 290.435	 776.470	101.382	     0.000	    45.782	  4286.200	     0.000	     0.000	     0.000	     0.915
290.10	 1060.644	-5760.379	 3189.469	 291.136	 768.364	101.073	     0.000	    45.782	  4286.200	     0.000	     0.000	     0.000	     0.915
291.10	 1060.436	-5761.040	 3189.790	 291.827	 760.279	100.763	     0.000	    45.782	  4286.200	     0.000	     0.000	     0.000	     0.914
292.10	 1060.226	-5761.693	 3190.106	 292.510	 752.214	100.454	     0.000	    45.782	  4286.200	     0.000	     0.000	     0.000	     0.914
293.10	 1060.014	-5762.339	 3190.418	 293.183	 744.172	100.144	     0.000	    45.782	  4286.200	     0.000	     0.000	     0.000	     0.914
294.10	 1059.801	-5762.976	 3190.725	 293.848	 736.152	99.834	     0.000	    45.782	  4286.200	     0.000	     0.000	     0.000	     0.914
295.10	 1059.587	-5763.606	 3191.029	 294.503	 728.155	99.525	     0.000	    45.782	  4286.200	     0.000	     0.000	     0.000	     0.914
296.10	 1059.371	-5764.229	 3191.328	 295.150	 720.181	99.215	     0.000	    45.782	  4286.200	     0.000	     0.000	     0.000	     0.914
297.10	 1059.153	-5764.843	 3191.622	 295.787	 712.233	98.905	     0.000	    45.782	  4286.200	     0.000	     0.000	     0.000	     0.913
298.10	 1058.934	-5765.450	 3191.913	 296.416	 704.309	98.596	     0.000	    45.782	  4286.200	     0.000	     0.000	     0.000	     0.913
299.00	 1058.736	-5765.990	 3192.170	 296.974	 697.199	98.317	     0.000	    45.782	  4286.200	     0.000	     0.000	     0.000	     0.913
300.00	 1058.514	-5766.582	 3192.453	 297.586	 689.326	98.007	     0.000	    45.782	  4286.200	     0.000	     0.000	     0.000	     0.913
301.00	 1058.291	-5767.166	 3192.731	 298.189	 681.479	97.698	     0.000	    45.782	  4286.200	     0.000	     0.000	     0.000	     0.913
302.00	 1058.066	-5767.743	 3193.005	 298.783	 673.661	97.388	     0.000	    45.782	  4286.200	     0.000	     0.000	     0.000	     0.913
303.00	 1057.839	-5768.312	 3193.274	 299.368	 665.872	97.078	     0.000	    45.782	  4286.200	     0.000	     0.000	     0.000	     0.912
304.00	 1057.612	-5768.873	 3193.539	 299.944	 658.114	96.768	     0.000	    45.782	  4286.200	     0.000	     0.000	     0.000	     0.912
305.00	 1057.382	-5769.426	 3193.800	 300.511	 650.386	96.459	     0.000	    45.782	  4286.200	     0.000	     0.000	     0.000	     0.912
306.00	 1057.151	-5769.972	 3194.057	 301.069	 642.691	96.149	     0.000	    45.782	  4286.200	     0.000	     0.000	     0.000	     0.912
307.00	 1056.919	-5770.510	 3194.309	 301.618	 635.029	95.839	     0.000	    45.782	  4286.200	     0.000	     0.000	     0.000	     0.912
308.00	 1056.685	-5771.040	 3194.557	 302.158	 627.402	95.529	     0.000	    45.782	  4286.200	     0.000	     0.000	     0.000	     0.912
309.00	 1056.450	-5771.563	 3194.801	 302.690	 619.810	95.220	     0.000	    45.782	  4286.200	     0.000	     0.000	     0.000	     0.911
310.00	 1056.213	-5772.078	 3195.041	 303.212	 612.255	94.910	     0.000	    45.782	  4286.200	     0.000	     0.000	     0.000	     0.911
311.00	 1055.975	-5772.585	 3195.276	 303.725	 604.739	94.600	     0.000	    45.782	  4286.200	     0.000	     0.000	     0.000	     0.911
312.00	 1055.735	-5773.085	 3195.507	 304.230	 597.262	94.290	     0.000	    45.782	  4286.200	     0.000	     0.000	     0.000	     0.911
313.00	 1055.494	-5773.576	 3195.734	 304.726	 589.826	93.980	     0.000	    45.782	  4286.200	     0.000	     0.000	     0.000	     0.911
314.00	 1055.251	-5774.060	 3195.956	 305.212	 582.432	93.670	     0.000	    45.782	  4286.200	     0.000	     0.000	     0.000	     0.911
315.00	 1055.007	-5774.537	 3196.175	 305.690	 575.083	93.361	     0.000	    45.782	  4286.200	     0.000	     0.000	     0.000	     0.911
316.00	 1054.762	-5775.005	 3196.389	 306.159	 567.779	93.051	     0.000	    45.782	  4286.200	     0.000	     0.000	     0.000	     0.911
317.00	 1054.515	-5775.466	 3196.598	 306.619	 560.522	92.741	     0.000	    45.782	  4286.200	     0.000	     0.000	     0.000	     0.910
318.00	 1054.266	-5775.919	 3196.804	 307.070	 553.315	92.431	     0.000	    45.782	  4286.200	     0.000	     0.000	     0.000	     0.910
319.00	 1054.016	-5776.365	 3197.005	 307.512	 546.159	92.121	     0.000	    45.782	  4286.200	     0.000	     0.000	     0.000	     0.910
320.00	 1053.765	-5776.802	 3197.202	 307.945	 539.055	91.811	     0.000	    45.782	  4286.200	     0.000	     0.000	     0.000	     0.910
321.00	 1053.512	-5777.233	 3197.395	 308.369	 532.007	91.501	     0.000	    45.782	  4286.200	     0.000	     0.000	     0.000	     0.910
322.00	 1053.257	-5777.655	 3197.583	 308.785	 525.016	91.192	     0.000	    45.782	  4286.200	     0.000	     0.000	     0.000	     0.910
323.00	 1053.001	-5778.069	 3197.767	 309.191	 518.084	90.882	     0.000	    45.782	  4286.200	     0.000	     0.000	     0.000	     0.910
324.00	 1052.744	-5778.476	 3197.947	 309.589	 511.214	90.572	     0.000	    45.782	  4286.200	     0.000	     0.000	     0.000	     0.910
325.00	 1052.485	-5778.876	 3198.123	 309.977	 504.408	90.262	     0.000	    45.782	  4286.200	     0.000	     0.000	     0.000	     0.909
326.00	 1052.225	-5779.267	 3198.294	 310.357	 497.669	89.952	     0.000	    45.782	  4286.200	     0.000	     0.000	     0.000	     0.909
327.00	 1051.963	-5779.651	 3198.461	 310.728	 490.999	89.642	     0.000	    45.782	  4286.200	     0.000	     0.000	     0.000	     0.909
328.00	 1051.700	-5780.027	 3198.624	 311.090	 484.402	89.332	     0.000	    45.782	  4286.200	     0.000	     0.000	     0.000	     0.909
329.00	 1051.436	-5780.395	 3198.782	 311.443	 477.879	89.022	     0.000	    45.782	  4286.200	     0.000	     0.000	     0.000	     0.909
330.00	 1051.170	-5780.756	 3198.937	 311.787	 471.435	88.712	     0.000	    45.782	  4286.200	     0.000	     0.000	     0.000	     0.909
331.00	 1050.902	-5781.109	 3199.087	 312.122	 465.072	88.403	     0.000	    45.782	  4286.200	     0.000	     0.000	     0.000	     0.909
332.00	 1050.633	-5781.454	 3199.233	 312.448	 458.794	88.093	     0.000	    45.782	  4286.200	     0.000	     0.000	     0.000	     0.909
333.00	 1050.363	-5781.792	 3199.374	 312.766	 452.604	87.783	     0.000	    45.782	  4286.200	     0.000	     0.000	     0.000	     0.909
334.00	 1050.091	-5782.122	 3199.511	 313.074	 446.505	87.473	     0.000	    45.782	  4286.200	     0.000	     0.000	     0.000	     0.909
335.00	 1049.818	-5782.444	 3199.644	 313.374	 440.502	87.163	     0.000	    45.782	  4286.200	     0.000	     0.000	     0.000	     0.909
336.00	 1049.543	-5782.758	 3199.773	 313.664	 434.599	86.853	     0.000	    45.782	  4286.200	     0.000	     0.000	     0.000	     0.908
337.00	 1049.267	-5783.065	 3199.898	 313.946	 428.799	86.543	     0.000	    45.782	  4286.200	     0.000	     0.000	     0.000	     0.908
338.00	 1048.989	-5783.364	 3200.018	 314.219	 423.106	86.233	     0.000	    45.782	  4286.200	     0.000	     0.000	     0.000	     0.908
339.00	 1048.710	-5783.656	 3200.134	 314.483	 417.525	85.923	     0.000	    45.782	  4286.200	     0.000	     0.000	     0.000	     0.908
340.00	 1048.430	-5783.939	 3200.246	 314.738	 412.061	85.613	     0.000	    45.782	  4286.200	     0.000	     0.000	     0.000	     0.908
341.00	 1048.148	-5784.215	 3200.353	 314.984	 406.718	85.304	     0.000	    45.782	  4286.200	     0.000	     0.000	     0.000	     0.908
342.00	 1047.865	-5784.484	 3200.456	 315.222	 401.500	84.994	     0.000	    45.782	  4286.200	     0.000	     0.000	     0.000	     0.908
343.00	 1047.580	-5784.744	 3200.555	 315.450	 396.414	84.684	     0.000	    45.782	  4286.200	     0.000	     0.000	     0.000	     0.908
344.00	 1047.294	-5784.997	 3200.650	 315.670	 391.463	84.374	     0.000	    45.782	  4286.200	     0.000	     0.000	     0.000	     0.908
345.00	 1047.006	-5785.242	 3200.740	 315.880	 386.653	84.064	     0.000	    45.782	  4286.200	     0.000	     0.000	     0.000	     0.908
346.00	 1046.718	-5785.480	 3200.827	 316.082	 381.989	83.754	     0.000	    45.782	  4286.200	     0.000	     0.000	     0.000	     0.908
347.00	 1046.427	-5785.709	 3200.909	 316.275	 377.476	83.444	     0.000	    45.782	  4286.200	     0.000	     0.000	     0.000	     0.908
348.00	 1046.135	-5785.932	 3200.986	 316.459	 373.121	83.134	     0.000	    45.782	  4286.200	     0.000	     0.000	     0.000	     0.908
349.00	 1045.842	-5786.146	 3201.060	 316.634	 368.928	82.824	     0.000	    45.782	  4286.200	     0.000	     0.000	     0.000	     0.908
350.00	 1045.548	-5786.353	 3201.129	 316.800	 364.904	82.515	     0.000	    45.782	  4286.200	     0.000	     0.000	     0.000	     0.908
351.00	 1045.251	-5786.552	 3201.194	 316.957	 361.053	82.205	     0.000	    45.782	  4286.200	     0.000	     0.000	     0.000	     0.908
352.00	 1044.954	-5786.743	 3201.255	 317.106	 357.381	81.895	     0.000	    45.782	  4286.200	     0.000	     0.000	     0.000	     0.908
353.00	 1044.655	-5786.927	 3201.311	 317.245	 353.894	81.585	     0.000	    45.782	  4286.200	     0.000	     0.000	     0.000	     0.907
354.00	 1044.355	-5787.102	 3201.363	 317.376	 350.597	81.275	     0.000	    45.782	  4286.200	     0.000	     0.000	     0.000	     0.907
355.00	 1044.053	-5787.271	 3201.411	 317.497	 347.496	80.965	     0.000	    45.782	  4286.200	     0.000	     0.000	     0.000	     0.907
356.00	 1043.750	-5787.431	 3201.455	 317.610	 344.596	80.656	     0.000	    45.782	  4286.200	     0.000	     0.000	     0.000	     0.907
357.00	 1043.446	-5787.584	 3201.494	 317.714	 341.901	80.346	     0.000	    45.782	  4286.200	     0.000	     0.000	     0.000	     0.907
358.00	 1043.140	-5787.729	 3201.530	 317.809	 339.418	80.036	     0.000	    45.782	  4286.200	     0.000	     0.000	     0.000	     0.907
359.00	 1042.832	-5787.866	 3201.561	 317.895	 337.150	79.726	     0.000	    45.782	  4286.200	     0.000	     0.000	     0.000	     0.907
360.00	 1042.524	-5787.996	 3201.587	 317.973	 335.102	79.416	     0.000	    45.782	  4286.200	     0.000	     0.000	     0.000	     0.907
361.00	 1042.214	-5788.118	 3201.610	 318.041	 333.277	79.107	     0.000	    45.782	  4286.200	     0.000	     0.000	     0.000	     0.907
362.00	 1041.902	-5788.233	 3201.628	 318.100	 331.681	78.797	     0.000	    45.782	  4286.200	     0.000	     0.000	     0.000	     0.907
363.00	 1041.589	-5788.339	 3201.642	 318.151	 330.314	78.487	     0.000	    45.782	  4286.200	     0.000	     0.000	     0.000	     0.907
364.00	 1041.275	-5788.438	 3201.652	 318.193	 329.182	78.177	     0.000	    45.782	  4286.200	     0.000	     0.000	     0.000	     0.907
365.00	 1040.959	-5788.529	 3201.657	 318.226	 328.286	77.868	     0.000	    45.782	  4286.200	     0.000	     0.000	     0.000	     0.907
366.00	 1040.642	-5788.613	 3201.658	 318.249	 327.627	77.558	     0.000	    45.782	  4286.200	     0.000	     0.000	     0.000	     0.907
367.00	 1040.324	-5788.689	 3201.655	 318.265	 327.208	77.248	     0.000	    45.782	  4286.200	     0.000	     0.000	     0.000	     0.907
368.00	 1040.004	-5788.757	 3201.648	 318.271	 327.030	76.939	     0.000	    45.782	  4286.200	     0.000	     0.000	     0.000	     0.907
369.00	 1039.683	-5788.817	 3201.636	 318.268	 327.092	76.629	     0.000	    45.782	  4286.200	     0.000	     0.000	     0.000	     0.907
370.00	 1039.360	-5788.870	 3201.621	 318.256	 327.395	76.319	     0.000	    45.782	  4286.200	     0.000	     0.000	     0.000	     0.907
371.00	 1039.036	-5788.915	 3201.601	 318.236	 327.937	76.009	     0.000	    45.782	  4286.200	     0.000	     0.000	     0.000	     0.907
372.00	 1038.711	-5788.952	 3201.576	 318.207	 328.719	75.700	     0.000	    45.782	  4286.200	     0.000	     0.000	     0.000	     0.907
373.00	 1038.384	-5788.982	 3201.548	 318.168	 329.737	75.390	     0.000	    45.782	  4286.200	     0.000	     0.000	     0.000	     0.907
374.00	 1038.056	-5789.004	 3201.515	 318.121	 330.991	75.081	     0.000	    45.782	  4286.200	     0.000	     0.000	     0.000	     0.907
375.00	 1037.727	-5789.018	 3201.478	 318.065	 332.476	74.771	     0.000	    45.782	  4286.200	     0.000	     0.000	     0.000	     0.907
376.00	 1037.396	-5789.025	 3201.437	 318.000	 334.191	74.461	     0.000	    45.782	  4286.200	     0.000	     0.000	     0.000	     0.907
377.00	 1037.064	-5789.023	 3201.391	 317.926	 336.131	74.152	     0.000	    45.782	  4286.200	     0.000	     0.000	     0.000	     0.907
378.00	 1036.730	-5789.014	 3201.341	 317.844	 338.293	73.842	     0.000	    45.782	  4286.200	     0.000	     0.000	     0.000	     0.907
379.00	 1036.395	-5788.998	 3201.287	 317.752	 340.673	73.533	     0.000	    45.782	  4286.200	     0.000	     0.000	     0.000	     0.907
380.00	 1036.059	-5788.974	 3201.229	 317.652	 343.266	73.223	     0.000	    45.782	  4286.200	     0.000	     0.000	     0.000	     0.907
381.00	 1035.721	-5788.942	 3201.166	 317.542	 346.067	72.914	     0.000	    45.782	  4286.200	     0.000	     0.000	     0.000	     0.907
382.00	 1035.382	-5788.902	 3201.100	 317.424	 349.072	72.604	     0.000	    45.782	  4286.200	     0.000	     0.000	     0.000	     0.907
383.00	 1035.042	-5788.855	 3201.029	 317.297	 352.275	72.295	     0.000	    45.782	  4286.200	     0.000	     0.000	     0.000	     0.907
384.00	 1034.700	-5788.799	 3200.953	 317.161	 355.670	71.985	     0.000	    45.782	  4286.200	     0.000	     0.000	     0.000	     0.907
385.00	 1034.357	-5788.737	 3200.874	 317.016	 359.253	71.676	     0.000	    45.782	  4286.200	     0.000	     0.000	     0.000	     0.908
386.00	 1034.012	-5788.666	 3200.790	 316.862	 363.018	71.367	     0.000	    45.782	  4286.200	     0.000	     0.000	     0.000	     0.908
387.00	 1033.666	-5788.588	 3200.702	 316.699	 366.960	71.057	     0.000	    45.782	  4286.200	     0.000	     0.000	     0.000	     0.908
388.00	 1033.319	-5788.502	 3200.610	 316.528	 371.072	70.748	     0.000	    45.782	  4286.200	     0.000	     0.000	     0.000	     0.908
389.00	 1032.971	-5788.408	 3200.513	 316.347	 375.349	70.439	     0.000	    45.782	  4286.200	     0.000	     0.000	     0.000	     0.908
390.00	 1032.621	-5788.307	 3200.412	 316.158	 379.786	70.129	     0.000	    45.782	  4286.200	     0.000	     0.000	     0.000	     0.908
391.00	 1032.269	-5788.198	 3200.307	 315.960	 384.377	69.820	     0.000	    45.782	  4286.200	     0.000	     0.000	     0.000	     0.908
392.00	 1031.917	-5788.081	 3200.198	 315.752	 389.117	69.511	     0.000	    45.782	  4286.200	     0.000	     0.000	     0.000	     0.908
393.00	 1031.563	-5787.957	 3200.084	 315.536	 394.001	69.201	     0.000	    45.782	  4286.200	     0.000	     0.000	     0.000	     0.908
394.00	 1031.208	-5787.824	 3199.966	 315.311	 399.022	68.892	     0.000	    45.782	  4286.200	     0.000	     0.000	     0.000	     0.908
395.00	 1030.851	-5787.684	 3199.844	 315.078	 404.177	68.583	     0.000	    45.782	  4286.200	     0.000	     0.000	     0.000	     0.908
396.00	 1030.493	-5787.537	 3199.718	 314.835	 409.460	68.274	     0.000	    45.782	  4286.200	     0.000	     0.000	     0.000	     0.908
397.00	 1030.133	-5787.381	 3199.588	 314.583	 414.866	67.965	     0.000	    45.782	  4286.200	     0.000	     0.000	     0.000	     0.908
398.00	 1029.773	-5787.218	 3199.453	 314.323	 420.391	67.656	     0.000	    45.782	  4286.200	     0.000	     0.000	     0.000	     0.908
399.00	 1029.411	-5787.048	 3199.314	 314.053	 426.030	67.347	     0.000	    45.782	  4286.200	     0.000	     0.000	     0.000	     0.908
400.00	 1029.047	-5786.869	 3199.170	 313.775	 431.779	67.038	     0.000	    45.782	  4286.200	     0.000	     0.000	     0.000	     0.908
401.00	 1028.683	-5786.683	 3199.023	 313.488	 437.633	66.729	     0.000	    45.782	  4286.200	     0.000	     0.000	     0.000	     0.908
402.00	 1028.317	-5786.489	 3198.871	 313.192	 443.588	66.420	     0.000	    45.782	  4286.200	     0.000	     0.000	     0.000	     0.909
403.00	 1027.949	-5786.287	 3198.715	 312.887	 449.641	66.111	     0.000	    45.782	  4286.200	     0.000	     0.000	     0.000	     0.909
404.00	 1027.581	-5786.078	 3198.554	 312.573	 455.787	65.802	     0.000	    45.782	  4286.200	     0.000	     0.000	     0.000	     0.909
405.00	 1027.211	-5785.861	 3198.390	 312.250	 462.023	65.493	     0.000	    45.782	  4286.200	     0.000	     0.000	     0.000	     0.909
406.00	 1026.839	-5785.636	 3198.221	 311.918	 468.346	65.184	     0.000	    45.782	  4286.200	     0.000	     0.000	     0.000	     0.909
407.00	 1026.466	-5785.403	 3198.048	 311.578	 474.751	64.875	     0.000	    45.782	  4286.200	     0.000	     0.000	     0.000	     0.909
408.00	 1026.092	-5785.163	 3197.870	 311.228	 481.236	64.566	     0.000	    45.782	  4286.200	     0.000	     0.000	     0.000	     0.909
409.00	 1025.717	-5784.915	 3197.689	 310.870	 487.797	64.257	     0.000	    45.782	  4286.200	     0.000	     0.000	     0.000	     0.909
410.00	 1025.340	-5784.659	 3197.503	 310.502	 494.433	63.949	     0.000	    45.782	  4286.200	     0.000	     0.000	     0.000	     0.909
411.00	 1024.962	-5784.396	 3197.313	 310.126	 501.139	63.640	     0.000	    45.782	  4286.200	     0.000	     0.000	     0.000	     0.909
412.00	 1024.583	-5784.125	 3197.118	 309.741	 507.912	63.331	     0.000	    45.782	  4286.200	     0.000	     0.000	     0.000	     0.910
413.00	 1024.203	-5783.846	 3196.920	 309.347	 514.752	63.023	     0.000	    45.782	  4286.200	     0.000	     0.000	     0.000	     0.910
414.00	 1023.821	-5783.559	 3196.717	 308.944	 521.654	62.714	     0.000	    45.782	  4286.200	     0.000	     0.000	     0.000	     0.910
415.00	 1023.437	-5783.265	 3196.509	 308.532	 528.617	62.405	     0.000	    45.782	  4286.200	     0.000	     0.000	     0.000	     0.910
416.00	 1023.053	-5782.963	 3196.298	 308.111	 535.638	62.097	     0.000	    45.782	  4286.200	     0.000	     0.000	     0.000	     0.910
417.00	 1022.667	-5782.653	 3196.082	 307.681	 542.715	61.788	     0.000	    45.782	  4286.200	     0.000	     0.000	     0.000	     0.910
418.00	 1022.280	-5782.335	 3195.862	 307.243	 549.846	61.480	     0.000	    45.782	  4286.200	     0.000	     0.000	     0.000	     0.910
419.00	 1021.891	-5782.010	 3195.638	 306.795	 557.028	61.172	     0.000	    45.782	  4286.200	     0.000	     0.000	     0.000	     0.910
420.00	 1021.501	-5781.677	 3195.410	 306.339	 564.261	60.863	     0.000	    45.782	  4286.200	     0.000	     0.000	     0.000	     0.910
421.00	 1021.110	-5781.336	 3195.177	 305.873	 571.543	60.555	     0.000	    45.782	  4286.200	     0.000	     0.000	     0.000	     0.911
422.00	 1020.718	-5780.987	 3194.940	 305.399	 578.870	60.247	     0.000	    45.782	  4286.200	     0.000	     0.000	     0.000	     0.911
423.00	 1020.324	-5780.631	 3194.698	 304.916	 586.243	59.938	     0.000	    45.782	  4286.200	     0.000	     0.000	     0.000	     0.911
424.00	 1019.929	-5780.267	 3194.453	 304.424	 593.658	59.630	     0.000	    45.782	  4286.200	     0.000	     0.000	     0.000	     0.911
425.00	 1019.532	-5779.895	 3194.203	 303.923	 601.116	59.322	     0.000	    45.782	  4286.200	     0.000	     0.000	     0.000	     0.911
426.00	 1019.135	-5779.516	 3193.949	 303.413	 608.613	59.014	     0.000	    45.782	  4286.200	     0.000	     0.000	     0.000	     0.911
427.00	 1018.736	-5779.128	 3193.691	 302.894	 616.150	58.706	     0.000	    45.782	  4286.200	     0.000	     0.000	     0.000	     0.911
428.00	 1018.336	-5778.733	 3193.428	 302.366	 623.724	58.398	     0.000	    45.782	  4286.200	     0.000	     0.000	     0.000	     0.912
429.00	 1017.934	-5778.331	 3193.161	 301.829	 631.334	58.090	     0.000	    45.782	  4286.200	     0.000	     0.000	     0.000	     0.912
430.00	 1017.531	-5777.920	 3192.890	 301.283	 638.979	57.782	     0.000	    45.782	  4286.200	     0.000	     0.000	     0.000	     0.912
431.00	 1017.127	-5777.502	 3192.614	 300.729	 646.658	57.474	     0.000	    45.782	  4286.200	     0.000	     0.000	     0.000	     0.912
432.00	 1016.722	-5777.076	 3192.335	 300.165	 654.370	57.166	     0.000	    45.782	  4286.200	     0.000	     0.000	     0.000	     0.912
433.00	 1016.315	-5776.642	 3192.051	 299.593	 662.114	56.858	     0.000	    45.782	  4286.200	     0.000	     0.000	     0.000	     0.912
434.00	 1015.907	-5776.200	 3191.762	 299.011	 669.888	56.550	     0.000	    45.782	  4286.200	     0.000	     0.000	     0.000	     0.912
435.00	 1015.497	-5775.751	 3191.470	 298.421	 677.692	56.243	     0.000	    45.782	  4286.200	     0.000	     0.000	     0.000	     0.913
436.00	 1015.087	-5775.294	 3191.173	 297.821	 685.525	55.935	     0.000	    45.782	  4286.200	     0.000	     0.000	     0.000	     0.913
437.00	 1014.675	-5774.829	 3190.872	 297.213	 693.386	55.628	     0.000	    45.782	  4286.200	     0.000	     0.000	     0.000	     0.913
438.00	 1014.262	-5774.356	 3190.567	 296.596	 701.273	55.320	     0.000	    45.782	  4286.200	     0.000	     0.000	     0.000	     0.913
439.00	 1013.847	-5773.876	 3190.257	 295.970	 709.187	55.013	     0.000	    45.782	  4286.200	     0.000	     0.000	     0.000	     0.913
440.00	 1013.432	-5773.388	 3189.943	 295.335	 717.127	54.705	     0.000	    45.782	  4286.200	     0.000	     0.000	     0.000	     0.913
441.00	 1013.015	-5772.892	 3189.625	 294.691	 725.091	54.398	     0.000	    45.782	  4286.200	     0.000	     0.000	     0.000	     0.914
442.00	 1012.596	-5772.388	 3189.302	 294.038	 733.079	54.090	     0.000	    45.782	  4286.200	     0.000	     0.000	     0.000	     0.914
443.00	 1012.177	-5771.876	 3188.976	 293.376	 741.090	53.783	     0.000	    45.782	  4286.200	     0.000	     0.000	     0.000	     0.914
444.00	 1011.756	-5771.357	 3188.645	 292.705	 749.124	53.476	     0.000	    45.782	  4286.200	     0.000	     0.000	     0.000	     0.914
445.00	 1011.334	-5770.830	 3188.309	 292.025	 757.180	53.169	     0.000	    45.782	  4286.200	     0.000	     0.000	     0.000	     0.914
446.00	 1010.910	-5770.295	 3187.970	 291.336	 765.257	52.862	     0.000	    45.782	  4286.200	     0.000	     0.000	     0.000	     0.915
447.00	 1010.485	-5769.753	 3187.626	 290.638	 773.355	52.555	     0.000	    45.782	  4286.200	     0.000	     0.000	     0.000	     0.915
448.00	 1010.059	-5769.202	 3187.278	 289.932	 781.473	52.248	     0.000	    45.782	  4286.200	     0.000	     0.000	     0.000	     0.915
449.00	 1009.632	-5768.644	 3186.925	 289.216	 789.611	51.941	     0.000	    45.782	  4286.200	     0.000	     0.000	     0.000	     0.915
450.00	 1009.204	-5768.078	 3186.568	 288.491	 797.768	51.634	     0.000	    45.782	  4286.200	     0.000	     0.000	     0.000	     0.915
451.00	 1008.774	-5767.504	 3186.207	 287.758	 805.944	51.327	     0.000	    45.782	  4286.200	     0.000	     0.000	     0.000	     0.916
452.00	 1008.343	-5766.923	 3185.842	 287.015	 814.138	51.021	     0.000	    45.782	  4286.200	     0.000	     0.000	     0.000	     0.916
453.00	 1007.911	-5766.333	 3185.473	 286.264	 822.350	50.714	     0.000	    45.782	  4286.200	     0.000	     0.000	     0.000	     0.916
454.00	 1007.477	-5765.736	 3185.099	 285.503	 830.579	50.407	     0.000	    45.782	  4286.200	     0.000	     0.000	     0.000	     0.916
455.00	 1007.042	-5765.131	 3184.720	 284.733	 838.825	50.101	     0.000	    45.782	  4286.200	     0.000	     0.000	     0.000	     0.916
456.00	 1006.606	-5764.518	 3184.338	 283.955	 847.087	49.795	     0.000	    45.782	  4286.200	     0.000	     0.000	     0.000	     0.917
457.00	 1006.169	-5763.898	 3183.951	 283.168	 855.366	49.488	     0.000	    45.782	  4286.200	     0.000	     0.000	     0.000	     0.917
458.00	 1005.730	-5763.269	 3183.560	 282.371	 863.660	49.182	     0.000	    45.782	  4286.200	     0.000	     0.000	     0.000	     0.917
459.00	 1005.290	-5762.633	 3183.165	 281.566	 871.970	48.876	     0.000	    45.782	  4286.200	     0.000	     0.000	     0.000	     0.917
460.00	 1004.849	-5761.989	 3182.765	 280.751	 880.294	48.570	     0.000	    45.782	  4286.200	     0.000	     0.000	     0.000	     0.917
461.00	 1004.407	-5761.337	 3182.361	 279.928	 888.634	48.264	     0.000	    45.782	  4286.200	     0.000	     0.000	     0.000	     0.918
462.00	 1003.963	-5760.678	 3181.953	 279.095	 896.987	47.958	     0.000	    45.782	  4286.200	     0.000	     0.000	     0.000	     0.918
463.00	 1003.518	-5760.010	 3181.541	 278.254	 905.355	47.652	     0.000	    45.782	  4286.200	     0.000	     0.000	     0.000	     0.918
464.00	 1003.072	-5759.335	 3181.124	 277.404	 913.736	47.346	     0.000	    45.782	  4286.200	     0.000	     0.000	     0.000	     0.918
465.00	 1002.624	-5758.652	 3180.703	 276.544	 922.131	47.040	     0.000	    45.782	  4286.200	     0.000	     0.000	     0.000	     0.919
466.00	 1002.176	-5757.961	 3180.277	 275.676	 930.539	46.735	     0.000	    45.782	  4286.200	     0.000	     0.000	     0.000	     0.919
467.00	 1001.726	-5757.262	 3179.847	 274.799	 938.961	46.429	     0.000	    45.782	  4286.200	     0.000	     0.000	     0.000	     0.919
468.00	 1001.275	-5756.556	 3179.413	 273.912	 947.394	46.124	     0.000	    45.782	  4286.200	     0.000	     0.000	     0.000	     0.919
469.00	 1000.822	-5755.841	 3178.975	 273.017	 955.840	45.818	     0.000	    45.782	  4286.200	     0.000	     0.000	     0.000	     0.920
470.00	 1000.368	-5755.119	 3178.532	 272.112	 964.299	45.513	     0.000	    45.782	  4286.200	     0.000	     0.000	     0.000	     0.920
471.00	  999.914	-5754.389	 3178.085	 271.199	 972.769	45.208	     0.000	    45.782	  4286.200	     0.000	     0.000	     0.000	     0.920
472.00	  999.457	-5753.651	 3177.634	 270.277	 981.251	44.903	     0.000	    45.782	  4286.200	     0.000	     0.000	     0.000	     0.920
473.00	  999.000	-5752.905	 3177.179	 269.345	 989.745	44.598	     0.000	    45.782	  4286.200	     0.000	     0.000	     0.000	     0.921
474.00	  998.541	-5752.152	 3176.719	 268.405	 998.250	44.293	     0.000	    45.782	  4286.200	     0.000	     0.000	     0.000	     0.921
475.00	  998.081	-5751.390	 3176.254	 267.455	1006.766	43.988	     0.000	    45.782	  4286.200	     0.000	     0.000	     0.000	     0.921
476.00	  997.620	-5750.621	 3175.786	 266.497	1015.293	43.683	     0.000	    45.782	  4286.200	     0.000	     0.000	     0.000	     0.921
477.00	  997.158	-5749.844	 3175.313	 265.529	1023.831	43.379	     0.000	    45.782	  4286.200	     0.000	     0.000	     0.000	     0.922
478.00	  996.694	-5749.059	 3174.836	 264.553	1032.380	43.074	     0.000	    45.782	  4286.200	     0.000	     0.000	     0.000	     0.922
479.00	  996.230	-5748.266	 3174.354	 263.567	1040.939	42.770	     0.000	    45.782	  4286.200	     0.000	     0.000	     0.000	     0.922
480.00	  995.763	-5747.466	 3173.869	 262.573	1049.508	42.466	     0.000	    45.782	  4286.200	     0.000	     0.000	     0.000	     0.922
481.00	  995.296	-5746.657	 3173.379	 261.569	1058.087	42.162	     0.000	    45.782	  4286.200	     0.000	     0.000	     0.000	     0.923
482.00	  994.828	-5745.841	 3172.884	 260.556	1066.677	41.858	     0.000	    45.782	  4286.200	     0.000	     0.000	     0.000	     0.923
483.00	  994.358	-5745.016	 3172.385	 259.535	1075.276	41.554	     0.000	    45.782	  4286.200	     0.000	     0.000	     0.000	     0.923
484.00	  993.887	-5744.184	 3171.882	 258.504	1083.885	41.250	     0.000	    45.782	  4286.200	     0.000	     0.000	     0.000	     0.924
485.00	  993.415	-5743.344	 3171.375	 257.464	1092.503	40.946	     0.000	    45.782	  4286.200	     0.000	     0.000	     0.000	     0.924
486.00	  992.941	-5742.496	 3170.863	 256.415	1101.131	40.643	     0.000	    45.782	  4286.200	     0.000	     0.000	     0.000	     0.924
487.00	  992.467	-5741.641	 3170.347	 255.357	1109.768	40.339	     0.000	    45.782	  4286.200	     0.000	     0.000	     0.000	     0.924
488.00	  991.991	-5740.777	 3169.827	 254.290	1118.414	40.036	     0.000	    45.782	  4286.200	     0.000	     0.000	     0.000	     0.925
489.00	  991.514	-5739.906	 3169.302	 253.214	1127.070	39.733	     0.000	    45.782	  4286.200	     0.000	     0.000	     0.000	     0.925
490.00	  991.035	-5739.026	 3168.773	 252.129	1135.734	39.430	     0.000	    45.782	  4286.200	     0.000	     0.000	     0.000	     0.925
491.00	  990.556	-5738.139	 3168.240	 251.035	1144.407	39.127	     0.000	    45.782	  4286.200	     0.000	     0.000	     0.000	     0.926
492.00	  990.075	-5737.244	 3167.702	 249.932	1153.089	38.824	     0.000	    45.782	  4286.200	     0.000	     0.000	     0.000	     0.926
493.00	  989.593	-5736.341	 3167.160	 248.820	1161.780	38.521	     0.000	    45.782	  4286.200	     0.000	     0.000	     0.000	     0.926
494.00	  989.110	-5735.430	 3166.614	 247.698	1170.479	38.219	     0.000	    45.782	  4286.200	     0.000	     0.000	     0.000	     0.927
495.00	  988.625	-5734.511	 3166.063	 246.568	1179.186	37.916	     0.000	    45.782	  4286.200	     0.000	     0.000	     0.000	     0.927
496.00	  988.140	-5733.584	 3165.508	 245.428	1187.902	37.614	     0.000	    45.782	  4286.200	     0.000	     0.000	     0.000	     0.927
497.00	  987.653	-5732.649	 3164.948	 244.280	1196.626	37.312	     0.000	    45.782	  4286.200	     0.000	     0.000	     0.000	     0.928
498.00	  987.165	-5731.707	 3164.385	 243.122	1205.358	37.010	     0.000	    45.782	  4286.200	     0.000	     0.000	     0.000	     0.928
499.00	  986.675	-5730.756	 3163.817	 241.955	1214.099	36.708	     0.000	    45.782	  4286.200	     0.000	     0.000	     0.000	     0.928
500.00	  986.185	-5729.798	 3163.244	 240.779	1222.847	36.407	     0.000	    45.782	  4286.200	     0.000	     0.000	     0.000	     0.929
501.00	  985.693	-5728.832	 3162.667	 239.594	1231.604	36.105	     0.000	    45.782	  4286.200	     0.000	     0.000	     0.000	     0.929
502.00	  985.200	-5727.857	 3162.086	 238.400	1240.368	35.804	     0.000	    45.782	  4286.200	     0.000	     0.000	     0.000	     0.929
503.00	  984.706	-5726.875	 3161.501	 237.197	1249.140	35.503	     0.000	    45.782	  4286.200	     0.000	     0.000	     0.000	     0.930
504.00	  984.211	-5725.885	 3160.911	 235.985	1257.920	35.202	     0.000	    45.782	  4286.200	     0.000	     0.000	     0.000	     0.930
505.00	  983.714	-5724.887	 3160.317	 234.763	1266.707	34.901	     0.000	    45.782	  4286.200	     0.000	     0.000	     0.000	     0.930
506.00	  983.216	-5723.881	 3159.718	 233.533	1275.503	34.601	     0.000	    45.782	  4286.200	     0.000	     0.000	     0.000	     0.931
507.00	  982.717	-5722.867	 3159.115	 232.293	1284.305	34.300	     0.000	    45.782	  4286.200	     0.000	     0.000	     0.000	     0.931
508.00	  982.217	-5721.845	 3158.508	 231.044	1293.115	34.000	     0.000	    45.782	  4286.200	     0.000	     0.000	     0.000	     0.931
509.00	  981.716	-5720.816	 3157.896	 229.787	1301.933	33.700	     0.000	    45.782	  4286.200	     0.000	     0.000	     0.000	     0.932
510.00	  981.213	-5719.778	 3157.280	 228.520	1310.758	33.400	     0.000	    45.782	  4286.200	     0.000	     0.000	     0.000	     0.932
511.00	  980.710	-5718.732	 3156.660	 227.244	1319.591	33.101	     0.000	    45.782	  4286.200	     0.000	     0.000	     0.000	     0.932
512.00	  980.205	-5717.679	 3156.035	 225.958	1328.431	32.801	     0.000	    45.782	  4286.200	     0.000	     0.000	     0.000	     0.933
513.00	  979.698	-5716.617	 3155.406	 224.664	1337.278	32.502	     0.000	    45.782	  4286.200	     0.000	     0.000	     0.000	     0.933
514.00	  979.191	-5715.548	 3154.773	 223.360	1346.132	32.203	     0.000	    45.782	  4286.200	     0.000	     0.000	     0.000	     0.933
515.00	  978.683	-5714.470	 3154.135	 222.048	1354.993	31.904	     0.000	    45.782	  4286.200	     0.000	     0.000	     0.000	     0.934
516.00	  978.173	-5713.385	 3153.493	 220.726	1363.862	31.606	     0.000	    45.782	  4286.200	     0.000	     0.000	     0.000	     0.934
517.00	  977.662	-5712.291	 3152.846	 219.395	1372.737	31.308	     0.000	    45.782	  4286.200	     0.000	     0.000	     0.000	     0.935
518.00	  977.150	-5711.190	 3152.195	 218.055	1381.620	31.010	     0.000	    45.782	  4286.200	     0.000	     0.000	     0.000	     0.935
519.00	  976.636	-5710.081	 3151.540	 216.705	1390.510	30.712	     0.000	    45.782	  4286.200	     0.000	     0.000	     0.000	     0.935
520.00	  976.122	-5708.963	 3150.880	 215.347	1399.407	30.414	     0.000	    45.782	  4286.200	     0.000	     0.000	     0.000	     0.936
521.00	  975.606	-5707.838	 3150.216	 213.979	1408.310	30.117	     0.000	    45.782	  4286.200	     0.000	     0.000	     0.000	     0.936
522.00	  975.089	-5706.705	 3149.548	 212.603	1417.221	29.820	     0.000	    45.782	  4286.200	     0.000	     0.000	     0.000	     0.936
523.00	  974.571	-5705.563	 3148.875	 211.217	1426.139	29.523	     0.000	    45.782	  4286.200	     0.000	     0.000	     0.000	     0.937
524.00	  974.052	-5704.414	 3148.198	 209.822	1435.063	29.227	     0.000	    45.782	  4286.200	     0.000	     0.000	     0.000	     0.937
525.00	  973.532	-5703.257	 3147.516	 208.417	1443.994	28.931	     0.000	    45.782	  4286.200	     0.000	     0.000	     0.000	     0.938
526.00	  973.010	-5702.091	 3146.830	 207.004	1452.932	28.635	     0.000	    45.782	  4286.200	     0.000	     0.000	     0.000	     0.938
527.00	  972.487	-5700.918	 3146.140	 205.581	1461.877	28.339	     0.000	    45.782	  4286.200	     0.000	     0.000	     0.000	     0.938
528.00	  971.963	-5699.737	 3145.445	 204.149	1470.829	28.044	     0.000	    45.782	  4286.200	     0.000	     0.000	     0.000	     0.939
529.00	  971.438	-5698.547	 3144.746	 202.708	1479.787	27.749	     0.000	    45.782	  4286.200	     0.000	     0.000	     0.000	     0.939
530.00	  970.912	-5697.350	 3144.042	 201.258	1488.752	27.455	     0.000	    45.782	  4286.200	     0.000	     0.000	     0.000	     0.940
531.00	  970.384	-5696.145	 3143.334	 199.798	1497.724	27.160	     0.000	    45.782	  4286.200	     0.000	     0.000	     0.000	     0.940
532.00	  969.855	-5694.931	 3142.622	 198.330	1506.703	26.867	     0.000	    45.782	  4286.200	     0.000	     0.000	     0.000	     0.941
533.00	  969.325	-5693.710	 3141.905	 196.852	1515.688	26.573	     0.000	    45.782	  4286.200	     0.000	     0.000	     0.000	     0.941
534.00	  968.794	-5692.480	 3141.184	 195.365	1524.680	26.280	     0.000	    45.782	  4286.200	     0.000	     0.000	     0.000	     0.941
535.00	  968.262	-5691.243	 3140.458	 193.868	1533.678	25.987	     0.000	    45.782	  4286.200	     0.000	     0.000	     0.000	     0.942
536.00	  967.729	-5689.997	 3139.728	 192.363	1542.684	25.695	     0.000	    45.782	  4286.200	     0.000	     0.000	     0.000	     0.942
537.00	  967.194	-5688.744	 3138.993	 190.848	1551.695	25.403	     0.000	    45.782	  4286.200	     0.000	     0.000	     0.000	     0.943
538.00	  966.658	-5687.482	 3138.255	 189.324	1560.714	25.111	     0.000	    45.782	  4286.200	     0.000	     0.000	     0.000	     0.943
539.00	  966.121	-5686.213	 3137.511	 187.791	1569.739	24.820	     0.000	    45.782	  4286.200	     0.000	     0.000	     0.000	     0.944
540.00	  965.583	-5684.935	 3136.764	 186.248	1578.771	24.530	     0.000	    45.782	  4286.200	     0.000	     0.000	     0.000	     0.944
541.00	  965.044	-5683.649	 3136.012	 184.696	1587.809	24.240	     0.000	    45.782	  4286.200	     0.000	     0.000	     0.000	     0.944
542.00	  964.504	-5682.355	 3135.255	 183.135	1596.854	23.950	     0.000	    45.782	  4286.200	     0.000	     0.000	     0.000	     0.945
543.00	  963.962	-5681.053	 3134.494	 181.565	1605.905	23.661	     0.000	    45.782	  4286.200	     0.000	     0.000	     0.000	     0.945
544.00	  963.419	-5679.744	 3133.729	 179.985	1614.963	23.372	     0.000	    45.782	  4286.200	     0.000	     0.000	     0.000	     0.946
545.00	  962.875	-5678.425	 3132.959	 178.397	1624.028	23.084	     0.000	    45.782	  4286.200	     0.000	     0.000	     0.000	     0.946
546.00	  962.330	-5677.099	 3132.185	 176.799	1633.099	22.796	     0.000	    45.782	  4286.200	     0.000	     0.000	     0.000	     0.947
547.00	  961.784	-5675.765	 3131.406	 175.191	1642.176	22.509	     0.000	    45.782	  4286.200	     0.000	     0.000	     0.000	     0.947
548.00	  961.237	-5674.423	 3130.623	 173.575	1651.261	22.223	     0.000	    45.782	  4286.200	     0.000	     0.000	     0.000	     0.948
549.00	  960.688	-5673.072	 3129.835	 171.949	1660.351	21.937	     0.000	    45.782	  4286.200	     0.000	     0.000	     0.000	     0.948
550.00	  960.138	-5671.714	 3129.043	 170.313	1669.449	21.652	     0.000	    45.782	  4286.200	     0.000	     0.000	     0.000	     0.949
551.00	  959.587	-5670.347	 3128.247	 168.669	1678.552	21.367	     0.000	    45.782	  4286.200	     0.000	     0.000	     0.000	     0.949
552.00	  959.035	-5668.973	 3127.446	 167.015	1687.663	21.083	     0.000	    45.782	  4286.200	     0.000	     0.000	     0.000	     0.950
553.00	  958.482	-5667.590	 3126.641	 165.352	1696.780	20.800	     0.000	    45.782	  4286.200	     0.000	     0.000	     0.000	     0.950
554.00	  957.928	-5666.199	 3125.831	 163.680	1705.903	20.518	     0.000	    45.782	  4286.200	     0.000	     0.000	     0.000	     0.951
555.00	  957.372	-5664.800	 3125.017	 161.998	1715.033	20.236	     0.000	    45.782	  4286.200	     0.000	     0.000	     0.000	     0.951
556.00	  956.815	-5663.393	 3124.198	 160.307	1724.170	19.955	     0.000	    45.782	  4286.200	     0.000	     0.000	     0.000	     0.952
557.00	  956.258	-5661.978	 3123.375	 158.607	1733.313	19.675	     0.000	    45.782	  4286.200	     0.000	     0.000	     0.000	     0.952
558.00	  955.699	-5660.554	 3122.547	 156.897	1742.463	19.396	     0.000	    45.782	  4286.200	     0.000	     0.000	     0.000	     0.953
559.00	  955.138	-5659.123	 3121.715	 155.178	1751.619	19.118	     0.000	    45.782	  4286.200	     0.000	     0.000	     0.000	     0.953
560.00	  954.577	-5657.683	 3120.879	 153.450	1760.782	18.841	     0.000	    45.782	  4286.200	     0.000	     0.000	     0.000	     0.954
561.00	  954.015	-5656.235	 3120.038	 151.712	1769.952	18.564	     0.000	    45.782	  4286.200	     0.000	     0.000	     0.000	     0.954
562.00	  953.451	-5654.779	 3119.193	 149.965	1779.128	18.289	     0.000	    45.782	  4286.200	     0.000	     0.000	     0.000	     0.955
563.00	  952.886	-5653.315	 3118.343	 148.208	1788.310	18.015	     0.000	    45.782	  4286.200	     0.000	     0.000	     0.000	     0.955
564.00	  952.320	-5651.843	 3117.488	 146.443	1797.500	17.742	     0.000	    45.782	  4286.200	     0.000	     0.000	     0.000	     0.956
565.00	  951.753	-5650.362	 3116.629	 144.668	1806.696	17.470	     0.000	    45.782	  4286.200	     0.000	     0.000	     0.000	     0.956
566.00	  951.185	-5648.874	 3115.766	 142.883	1815.898	17.199	     0.000	    45.782	  4286.200	     0.000	     0.000	     0.000	     0.957
567.00	  950.616	-5647.377	 3114.898	 141.089	1825.107	16.929	     0.000	    45.782	  4286.200	     0.000	     0.000	     0.000	     0.957
568.00	  950.045	-5645.872	 3114.026	 139.286	1834.323	16.661	     0.000	    45.782	  4286.200	     0.000	     0.000	     0.000	     0.958
569.00	  949.474	-5644.359	 3113.149	 137.474	1843.545	16.394	     0.000	    45.782	  4286.200	     0.000	     0.000	     0.000	     0.958
570.00	  948.901	-5642.837	 3112.268	 135.652	1852.775	16.129	     0.000	    45.782	  4286.200	     0.000	     0.000	     0.000	     0.959
571.00	  948.334	-5641.325	 3111.393	 133.839	1826.524	15.868	     0.000	    44.969	  4321.666	     0.000	     0.000	     1.000	     2.700
572.00	  947.776	-5639.835	 3110.529	 132.053	1799.862	15.613	     0.000	    44.157	  4357.549	     0.000	     0.000	     1.000	     2.743
573.00	  947.229	-5638.365	 3109.679	 130.293	1772.778	15.365	     0.000	    43.345	  4393.860	     0.000	     0.000	     1.000	     2.786
574.00	  946.691	-5636.918	 3108.842	 128.560	1745.263	15.124	     0.000	    42.532	  4430.609	     0.000	     0.000	     1.000	     2.830
575.00	  946.164	-5635.493	 3108.018	 126.853	1717.304	14.889	     0.000	    41.720	  4467.806	     0.000	     0.000	     1.000	     2.876
576.00	  945.647	-5634.091	 3107.207	 125.174	1688.892	14.661	     0.000	    40.908	  4505.464	     0.000	     0.000	     1.000	     2.923
577.00	  945.140	-5632.712	 3106.410	 123.524	1660.014	14.440	     0.000	    40.096	  4543.592	     0.000	     0.000	     1.000	     2.971
578.00	  944.644	-5631.356	 3105.626	 121.901	1630.659	14.225	     0.000	    39.283	  4582.204	     0.000	     0.000	     1.000	     3.020
579.00	  944.159	-5630.025	 3104.857	 120.308	1600.813	14.017	     0.000	    38.471	  4621.311	     0.000	     0.000	     1.000	     3.070
580.00	  943.684	-5628.717	 3104.102	 118.744	1570.465	13.815	     0.000	    37.659	  4660.927	     0.000	     0.000	     1.000	     3.122
581.00	  943.220	-5627.435	 3103.361	 117.210	1539.600	13.620	     0.000	    36.847	  4701.064	     0.000	     0.000	     1.000	     3.175
582.00	  942.766	-5626.177	 3102.636	 115.707	1508.204	13.432	     0.000	    36.034	  4741.737	     0.000	     0.000	     1.000	     3.230
583.00	  942.324	-5624.946	 3101.925	 114.234	1476.264	13.250	     0.000	    35.222	  4782.961	     0.000	     0.000	     1.000	     3.286
584.00	  941.893	-5623.740	 3101.230	 112.794	1443.762	13.075	     0.000	    34.410	  4824.750	     0.000	     0.000	     1.000	     3.344
585.00	  941.473	-5622.561	 3100.550	 111.385	1410.685	12.906	     0.000	    33.597	  4867.120	     0.000	     0.000	     1.000	     3.404
586.00	  941.065	-5621.410	 3099.886	 110.009	1377.015	12.744	     0.000	    32.785	  4910.088	     0.000	     0.000	     1.000	     3.465
587.00	  940.668	-5620.286	 3099.239	 108.667	1342.735	12.588	     0.000	    31.973	  4953.670	     0.000	     0.000	     1.000	     3.528
588.00	  940.283	-5619.190	 3098.608	 107.358	1307.828	12.438	     0.000	    31.161	  4997.885	     0.000	     0.000	     1.000	     3.593
589.00	  939.909	-5618.123	 3097.993	 106.085	1272.273	12.295	     0.000	    30.348	  5042.750	     0.000	     0.000	     1.000	     3.659
590.00	  939.548	-5617.086	 3097.396	 104.846	1236.053	12.158	     0.000	    29.536	  5088.287	     0.000	     0.000	     1.000	     3.728
591.00	  939.198	-5616.078	 3096.816	 103.643	1199.146	12.028	     0.000	    28.724	  5134.514	     0.000	     0.000	     1.000	     3.799
592.00	  938.861	-5615.101	 3096.254	 102.478	1161.531	11.903	     0.000	    27.911	  5181.453	     0.000	     0.000	     1.000	     3.872
593.00	  938.536	-5614.155	 3095.710	 101.349	1123.185	11.785	     0.000	    27.099	  5229.127	     0.000	     0.000	     1.000	     3.948
594.00	  938.223	-5613.241	 3095.185	 100.259	1084.085	11.673	     0.000	    26.287	  5277.558	     0.000	     0.000	     1.000	     4.026
595.00	  937.923	-5612.359	 3094.678	  99.207	1044.207	11.566	     0.000	    25.475	  5326.772	     0.000	     0.000	     1.000	     4.106
596.00	  937.636	-5611.510	 3094.191	  98.195	1003.525	11.466	     0.000	    24.662	  5376.794	     0.000	     0.000	     1.000	     4.190
597.00	  937.362	-5610.696	 3093.723	  97.224	 962.011	11.371	     0.000	    23.850	  5427.650	     0.000	     0.000	     1.000	     4.276
598.00	  937.101	-5609.915	 3093.275	  96.294	 919.637	11.283	     0.000	    23.038	  5479.370	     0.000	     0.000	     1.000	     4.365
599.00	  936.853	-5609.171	 3092.848	  95.407	 876.373	11.199	     0.000	    22.225	  5531.983	     0.000	     0.000	     1.000	     4.457
600.00	  936.619	-5608.462	 3092.442	  94.563	 832.187	11.122	     0.000	    21.413	  5585.520	     0.000	     0.000	     1.000	     4.552
601.00	  936.398	-5607.790	 3092.057	  93.762	 787.047	11.050	     0.000	    20.601	  5640.015	     0.000	     0.000	     1.000	     4.651
602.00	  936.192	-5607.156	 3091.694	  93.007	 740.916	10.983	     0.000	    19.789	  5695.503	     0.000	     0.000	     1.000	     4.754
603.00	  935.999	-5606.560	 3091.353	  92.298	 693.760	10.922	     0.000	    18.976	  5752.019	     0.000	     0.000	     1.000	     4.860
604.00	  935.820	-5606.005	 3091.035	  91.636	 645.537	10.866	     0.000	    18.164	  5809.604	     0.000	     0.000	     1.000	     4.971
605.00	  935.646	-5605.460	 3090.723	  90.991	 654.958	10.812	     0.000	    18.164	  5809.604	     0.000	     0.000	     0.000	     0.972
606.00	  935.471	-5604.907	 3090.407	  90.336	 664.383	10.759	     0.000	    18.164	  5809.604	     0.000	     0.000	     0.000	     0.972
607.00	  935.294	-5604.345	 3090.086	  89.671	 673.812	10.707	     0.000	    18.164	  5809.604	     0.000	     0.000	     0.000	     0.972
608.00	  935.117	-5603.776	 3089.761	  88.997	 683.245	10.654	     0.000	    18.164	  5809.604	     0.000	     0.000	     0.000	     0.973
609.00	  934.938	-5603.198	 3089.431	  88.313	 692.682	10.603	     0.000	    18.164	  5809.604	     0.000	     0.000	     0.000	     0.973
610.00	  934.757	-5602.612	 3089.097	  87.620	 702.123	10.551	     0.000	    18.164	  5809.604	     0.000	     0.000	     0.000	     0.973
611.00	  934.576	-5602.018	 3088.758	  86.918	 711.568	10.500	     0.000	    18.164	  5809.604	     0.000	     0.000	     0.000	     0.973
612.00	  934.393	-5601.415	 3088.415	  86.206	 721.017	10.450	     0.000	    18.164	  5809.604	     0.000	     0.000	     0.000	     0.973
613.00	  934.209	-5600.805	 3088.067	  85.484	 730.469	10.399	     0.000	    18.164	  5809.604	     0.000	     0.000	     0.000	     0.974
614.00	  934.023	-5600.185	 3087.714	  84.753	 739.926	10.350	     0.000	    18.164	  5809.604	     0.000	     0.000	     0.000	     0.974
615.00	  933.837	-5599.558	 3087.357	  84.012	 749.386	10.300	     0.000	    18.164	  5809.604	     0.000	     0.000	     0.000	     0.974
616.00	  933.649	-5598.923	 3086.995	  83.262	 758.850	10.252	     0.000	    18.164	  5809.604	     0.000	     0.000	     0.000	     0.974
617.00	  933.459	-5598.279	 3086.629	  82.502	 768.318	10.203	     0.000	    18.164	  5809.604	     0.000	     0.000	     0.000	     0.975
618.00	  933.269	-5597.627	 3086.258	  81.733	 777.789	10.155	     0.000	    18.164	  5809.604	     0.000	     0.000	     0.000	     0.975
619.00	  933.077	-5596.966	 3085.883	  80.954	 787.264	10.108	     0.000	    18.164	  5809.604	     0.000	     0.000	     0.000	     0.975
620.00	  932.884	-5596.297	 3085.503	  80.165	 796.742	10.061	     0.000	    18.164	  5809.604	     0.000	     0.000	     0.000	     0.975
621.00	  932.689	-5595.620	 3085.119	  79.368	 806.225	10.014	     0.000	    18.164	  5809.604	     0.000	     0.000	     0.000	     0.976
622.00	  932.494	-5594.935	 3084.730	  78.560	 815.710	9.968	     0.000	    18.164	  5809.604	     0.000	     0.000	     0.000	     0.976
623.00	  932.297	-5594.242	 3084.336	  77.743	 825.200	9.923	     0.000	    18.164	  5809.604	     0.000	     0.000	     0.000	     0.976
624.00	  932.099	-5593.540	 3083.938	  76.917	 834.693	9.877	     0.000	    18.164	  5809.604	     0.000	     0.000	     0.000	     0.976
625.00	  931.899	-5592.830	 3083.535	  76.081	 844.189	9.833	     0.000	    18.164	  5809.604	     0.000	     0.000	     0.000	     0.977
626.00	  931.698	-5592.111	 3083.128	  75.235	 853.689	9.789	     0.000	    18.164	  5809.604	     0.000	     0.000	     0.000	     0.977
627.00	  931.496	-5591.385	 3082.716	  74.380	 863.193	9.745	     0.000	    18.164	  5809.604	     0.000	     0.000	     0.000	     0.977
628.00	  931.293	-5590.650	 3082.299	  73.515	 872.700	9.702	     0.000	    18.164	  5809.604	     0.000	     0.000	     0.000	     0.977
629.00	  931.088	-5589.906	 3081.878	  72.641	 882.211	9.659	     0.000	    18.164	  5809.604	     0.000	     0.000	     0.000	     0.978
630.00	  930.883	-5589.155	 3081.453	  71.757	 891.725	9.617	     0.000	    18.164	  5809.604	     0.000	     0.000	     0.000	     0.978
631.00	  930.675	-5588.395	 3081.023	  70.863	 901.243	9.576	     0.000	    18.164	  5809.604	     0.000	     0.000	     0.000	     0.978
632.00	  930.467	-5587.627	 3080.588	  69.960	 910.764	9.535	     0.000	    18.164	  5809.604	     0.000	     0.000	     0.000	     0.978
633.00	  930.257	-5586.850	 3080.149	  69.048	 920.289	9.494	     0.000	    18.164	  5809.604	     0.000	     0.000	     0.000	     0.979
634.00	  930.047	-5586.065	 3079.705	  68.126	 929.817	9.454	     0.000	    18.164	  5809.604	     0.000	     0.000	     0.000	     0.979
635.00	  929.834	-5585.272	 3079.256	  67.194	 939.349	9.415	     0.000	    18.164	  5809.604	     0.000	     0.000	     0.000	     0.979
636.00	  929.621	-5584.471	 3078.803	  66.253	 948.885	9.376	     0.000	    18.164	  5809.604	     0.000	     0.000	     0.000	     0.980
637.00	  929.406	-5583.661	 3078.345	  65.302	 958.424	9.338	     0.000	    18.164	  5809.604	     0.000	     0.000	     0.000	     0.980
638.00	  929.190	-5582.843	 3077.883	  64.341	 967.966	9.300	     0.000	    18.164	  5809.604	     0.000	     0.000	     0.000	     0.980
639.00	  928.973	-5582.017	 3077.416	  63.371	 977.513	9.263	     0.000	    18.164	  5809.604	     0.000	     0.000	     0.000	     0.980
640.00	  928.754	-5581.182	 3076.945	  62.392	 987.063	9.226	     0.000	    18.164	  5809.604	     0.000	     0.000	     0.000	     0.981
641.00	  928.535	-5580.339	 3076.469	  61.403	 996.616	9.190	     0.000	    18.164	  5809.604	     0.000	     0.000	     0.000	     0.981
642.00	  928.314	-5579.487	 3075.988	  60.404	1006.173	9.154	     0.000	    18.164	  5809.604	     0.000	     0.000	     0.000	     0.981
643.00	  928.091	-5578.628	 3075.503	  59.395	1015.734	9.120	     0.000	    18.164	  5809.604	     0.000	     0.000	     0.000	     0.982
644.00	  927.868	-5577.760	 3075.013	  58.377	1025.298	9.085	     0.000	    18.164	  5809.604	     0.000	     0.000	     0.000	     0.982
645.00	  927.643	-5576.883	 3074.519	  57.350	1034.866	9.052	     0.000	    18.164	  5809.604	     0.000	     0.000	     0.000	     0.982
646.00	  927.417	-5575.998	 3074.020	  56.313	1044.438	9.018	     0.000	    18.164	  5809.604	     0.000	     0.000	     0.000	     0.983
647.00	  927.190	-5575.105	 3073.516	  55.266	1054.013	8.986	     0.000	    18.164	  5809.604	     0.000	     0.000	     0.000	     0.983
648.00	  926.961	-5574.204	 3073.008	  54.209	1063.592	8.954	     0.000	    18.164	  5809.604	     0.000	     0.000	     0.000	     0.983
649.00	  926.732	-5573.294	 3072.495	  53.143	1073.175	8.923	     0.000	    18.164	  5809.604	     0.000	     0.000	     0.000	     0.984
650.00	  926.500	-5572.376	 3071.978	  52.068	1082.762	8.892	     0.000	    18.164	  5809.604	     0.000	     0.000	     0.000	     0.984
651.00	  926.268	-5571.450	 3071.456	  50.982	1092.352	8.862	     0.000	    18.164	  5809.604	     0.000	     0.000	     0.000	     0.984
652.00	  926.035	-5570.515	 3070.929	  49.887	1101.946	8.832	     0.000	    18.164	  5809.604	     0.000	     0.000	     0.000	     0.985
653.00	  925.800	-5569.571	 3070.398	  48.783	1111.544	8.803	     0.000	    18.164	  5809.604	     0.000	     0.000	     0.000	     0.985
654.00	  925.564	-5568.620	 3069.862	  47.669	1121.146	8.775	     0.000	    18.164	  5809.604	     0.000	     0.000	     0.000	     0.985
655.00	  925.327	-5567.660	 3069.322	  46.545	1130.751	8.748	     0.000	    18.164	  5809.604	     0.000	     0.000	     0.000	     0.986
656.00	  925.088	-5566.692	 3068.776	  45.411	1140.360	8.721	     0.000	    18.164	  5809.604	     0.000	     0.000	     0.000	     0.986
657.00	  924.848	-5565.715	 3068.227	  44.268	1149.973	8.694	     0.000	    18.164	  5809.604	     0.000	     0.000	     0.000	     0.986
658.00	  924.607	-5564.730	 3067.672	  43.116	1159.590	8.669	     0.000	    18.164	  5809.604	     0.000	     0.000	     0.000	     0.987
659.00	  924.365	-5563.736	 3067.114	  41.953	1169.211	8.644	     0.000	    18.164	  5809.604	     0.000	     0.000	     0.000	     0.987
660.00	  924.124	-5562.744	 3066.555	  40.791	1160.178	8.619	     0.000	    17.905	  5828.257	     0.000	     0.000	     0.958	     0.927
661.00	  923.885	-5561.759	 3066.002	  39.639	1151.034	8.596	     0.000	    17.645	  5847.024	     0.000	     0.000	     0.958	     0.938
662.00	  923.649	-5560.782	 3065.452	  38.495	1141.777	8.574	     0.000	    17.386	  5865.908	     0.000	     0.000	     0.958	     0.949
663.00	  923.416	-5559.813	 3064.907	  37.361	1132.406	8.553	     0.000	    17.126	  5884.909	     0.000	     0.000	     0.958	     0.961
664.00	  923.186	-5558.851	 3064.367	  36.236	1122.919	8.533	     0.000	    16.867	  5904.030	     0.000	     0.000	     0.958	     0.973
665.00	  922.958	-5557.898	 3063.831	  35.120	1113.316	8.513	     0.000	    16.607	  5923.271	     0.000	     0.000	     0.958	     0.985
666.00	  922.732	-5556.953	 3063.300	  34.014	1103.594	8.495	     0.000	    16.348	  5942.635	     0.000	     0.000	     0.958	     0.997
667.00	  922.510	-5556.016	 3062.773	  32.918	1093.752	8.477	     0.000	    16.088	  5962.122	     0.000	     0.000	     0.958	     1.009
668.00	  922.290	-5555.087	 3062.252	  31.832	1083.787	8.460	     0.000	    15.829	  5981.735	     0.000	     0.000	     0.958	     1.022
669.00	  922.073	-5554.166	 3061.735	  30.755	1073.700	8.444	     0.000	    15.569	  6001.475	     0.000	     0.000	     0.958	     1.034
670.00	  921.859	-5553.254	 3061.223	  29.689	1063.487	8.429	     0.000	    15.310	  6021.344	     0.000	     0.000	     0.958	     1.047
671.00	  921.647	-5552.351	 3060.716	  28.633	1053.147	8.414	     0.000	    15.050	  6041.343	     0.000	     0.000	     0.958	     1.060
672.00	  921.438	-5551.457	 3060.213	  27.587	1042.679	8.400	     0.000	    14.791	  6061.474	     0.000	     0.000	     0.958	     1.073
673.00	  921.232	-5550.571	 3059.716	  26.552	1032.080	8.387	     0.000	    14.531	  6081.740	     0.000	     0.000	     0.958	     1.087
674.00	  921.029	-5549.694	 3059.224	  25.527	1021.349	8.375	     0.000	    14.272	  6102.140	     0.000	     0.000	     0.958	     1.100
675.00	  920.828	-5548.827	 3058.738	  24.514	1009.862	8.363	    21.213	    14.012	  6122.654	     0.000	     0.000	     0.958	     1.276
676.00	  920.631	-5547.970	 3058.257	  23.512	 997.121	8.352	    24.397	    13.753	  6143.275	     0.000	     0.000	     0.958	     1.318
677.00	  920.436	-5547.124	 3057.783	  22.524	 983.939	8.341	    27.968	    13.493	  6164.028	     0.000	     0.000	     0.958	     1.365
678.00	  920.245	-5546.289	 3057.314	  21.549	 970.268	8.331	    31.949	    13.234	  6184.912	     0.000	     0.000	     0.958	     1.418
679.00	  920.058	-5545.466	 3056.853	  20.588	 956.052	8.322	    36.361	    12.974	  6205.928	     0.000	     0.000	     0.958	     1.476
680.00	  919.874	-5544.656	 3056.399	  19.641	 941.230	8.313	    41.129	    12.715	  6227.076	     0.000	     0.000	     0.958	     1.540
681.00	  919.693	-5543.858	 3055.952	  18.709	 925.758	8.305	    46.075	    12.455	  6248.355	     0.000	     0.000	     0.958	     1.609
682.00	  919.516	-5543.074	 3055.512	  17.794	 909.574	8.297	    51.379	    12.196	  6269.765	     0.000	     0.000	     0.958	     1.685
683.00	  919.343	-5542.304	 3055.081	  16.894	 892.609	8.290	    57.013	    11.936	  6291.305	     0.000	     0.000	     0.958	     1.768
684.00	  919.174	-5541.549	 3054.658	  16.013	 874.791	8.283	    62.925	    11.677	  6312.975	     0.000	     0.000	     0.958	     1.858
685.00	  919.009	-5540.809	 3054.244	  15.149	 856.046	8.277	    69.049	    11.417	  6334.772	     0.000	     0.000	     0.958	     1.956
686.00	  918.848	-5540.086	 3053.839	  14.305	 836.302	8.271	    75.291	    11.158	  6356.695	     0.000	     0.000	     0.958	     2.061
687.00	  918.691	-5539.380	 3053.444	  13.481	 815.493	8.265	    81.537	    10.898	  6378.743	     0.000	     0.000	     0.958	     2.173
688.00	  918.540	-5538.693	 3053.059	  12.678	 793.559	8.260	    87.647	    10.639	  6400.912	     0.000	     0.000	     0.958	     2.290
689.00	  918.393	-5538.024	 3052.685	  11.898	 770.455	8.255	    93.461	    10.379	  6423.201	     0.000	     0.000	     0.958	     2.411
690.00	  918.251	-5537.377	 3052.322	  11.142	 746.156	8.251	    98.801	    10.120	  6445.607	     0.000	     0.000	     0.958	     2.533
691.00	  918.114	-5536.750	 3051.971	  10.410	 720.733	8.247	   101.984	     9.860	  6468.127	     0.000	     0.000	     0.958	     2.635
692.00	  917.982	-5536.145	 3051.633	   9.704	 694.431	8.243	   103.484	     9.601	  6490.759	     0.000	     0.000	     0.958	     2.719
693.00	  917.856	-5535.564	 3051.308	   9.025	 667.361	8.240	   103.943	     9.341	  6513.502	     0.000	     0.000	     0.958	     2.793
694.00	  917.736	-5535.005	 3050.996	   8.374	 639.643	8.237	   103.349	     9.082	  6536.356	     0.000	     0.000	     0.958	     2.853
695.00	  917.621	-5534.471	 3050.697	   7.750	 611.417	8.234	   101.726	     8.822	  6559.318	     0.000	     0.000	     0.958	     2.898
696.00	  917.512	-5533.961	 3050.412	   7.155	 582.836	8.232	    99.131	     8.563	  6582.389	     0.000	     0.000	     0.958	     2.927
697.00	  917.409	-5533.476	 3050.141	   6.588	 554.060	8.230	    95.654	     8.303	  6605.570	     0.000	     0.000	     0.958	     2.939
698.00	  917.311	-5533.015	 3049.883	   6.051	 525.252	8.228	    91.407	     8.044	  6628.861	     0.000	     0.000	     0.958	     2.935
699.00	  917.220	-5532.579	 3049.640	   5.542	 496.570	8.226	    86.519	     7.784	  6652.264	     0.000	     0.000	     0.958	     2.915
700.00	  917.133	-5532.167	 3049.410	   5.061	 468.165	8.224	    81.129	     7.525	  6675.779	     0.000	     0.000	     0.958	     2.880
701.00	  917.052	-5531.779	 3049.193	   4.609	 440.181	8.223	    75.380	     7.265	  6699.411	     0.000	     0.000	     0.958	     2.822
702.00	  916.977	-5531.415	 3048.990	   4.184	 413.374	8.222	    69.596	     7.006	  6723.161	     0.000	     0.000	     0.958	     2.664
703.00	  916.906	-5531.073	 3048.799	   3.784	 388.024	8.221	    63.994	     6.746	  6747.033	     0.000	     0.000	     0.958	     2.523
704.00	  916.840	-5530.752	 3048.620	   3.410	 363.970	8.220	    58.586	     6.487	  6771.030	     0.000	     0.000	     0.958	     2.398
705.00	  916.779	-5530.451	 3048.452	   3.059	 341.065	8.219	    53.382	     6.227	  6795.157	     0.000	     0.000	     0.958	     2.287
706.00	  916.722	-5530.169	 3048.295	   2.730	 319.175	8.218	    48.386	     5.968	  6819.418	     0.000	     0.000	     0.958	     2.189
707.00	  916.668	-5529.905	 3048.148	   2.423	 298.177	8.217	    43.604	     5.708	  6843.817	     0.000	     0.000	     0.958	     2.103
708.00	  916.619	-5529.659	 3048.011	   2.136	 277.957	8.217	    39.038	     5.449	  6868.360	     0.000	     0.000	     0.958	     2.029
709.00	  916.574	-5529.430	 3047.883	   1.869	 258.412	8.216	    34.690	     5.189	  6893.052	     0.000	     0.000	     0.958	     1.964
710.00	  916.532	-5529.218	 3047.765	   1.621	 239.447	8.216	    30.562	     4.930	  6917.898	     0.000	     0.000	     0.958	     1.909
711.00	  916.493	-5529.021	 3047.655	   1.392	 220.972	8.216	    26.658	     4.670	  6942.904	     0.000	     0.000	     0.958	     1.863
712.00	  916.458	-5528.840	 3047.554	   1.181	 202.905	8.215	    22.982	     4.411	  6968.078	     0.000	     0.000	     0.958	     1.825
713.00	  916.426	-5528.674	 3047.462	   0.988	 185.169	8.215	    19.538	     4.151	  6993.424	     0.000	     0.000	     0.958	     1.795
714.00	  916.397	-5528.524	 3047.379	   0.812	 167.691	8.215	    16.333	     3.892	  7018.951	     0.000	     0.000	     0.958	     1.772
715.00	  916.371	-5528.388	 3047.303	   0.654	 150.337	8.215	    13.365	     3.632	  7044.666	     0.000	     0.000	     0.958	     1.767
716.00	  916.349	-5528.267	 3047.236	   0.513	 133.023	8.215	    10.642	     3.373	  7070.577	     0.000	     0.000	     0.958	     1.763
717.00	  916.329	-5528.162	 3047.177	   0.390	 115.730	8.215	     8.185	     3.113	  7096.692	     0.000	     0.000	     0.958	     1.762
718.00	  916.312	-5528.071	 3047.127	   0.284	  98.436	8.215	     6.015	     2.854	  7123.020	     0.000	     0.000	     0.958	     1.763
719.00	  916.298	-5527.995	 3047.085	   0.195	  81.113	8.215	     4.151	     2.594	  7149.570	     0.000	     0.000	     0.958	     1.768
720.00	  916.287	-5527.934	 3047.051	   0.123	  63.728	8.215	     2.611	     2.335	  7176.352	     0.000	     0.000	     0.958	     1.776
721.00	  916.279	-5527.888	 3047.025	   0.069	  46.245	8.215	     1.411	     2.075	  7203.375	     0.000	     0.000	     0.958	     1.788
722.00	  916.274	-5527.857	 3047.008	   0.033	  28.620	8.215	     0.568	     1.816	  7230.649	     0.000	     0.000	     0.958	     1.804
723.00	  916.271	-5527.841	 3046.999	   0.014	  10.806	8.215	     0.098	     1.556	  7258.187	     0.000	     0.000	     0.958	     1.826
724.00	  916.271	-5527.839	 3046.998	   0.011	   2.007	8.215	     0.000	     1.297	  7285.999	     0.000	     0.000	     0.958	     2.201
725.00	  916.270	-5527.839	 3046.998	   0.010	   1.079	8.215	     0.005	     1.037	  7314.093	     0.000	     0.000	     0.958	     1.882
726.00	  916.270	-5527.838	 3046.997	   0.009	   0.518	8.215	     0.001	     0.778	  7342.476	     0.000	     0.000	     0.958	     1.912
727.00	  916.270	-5527.836	 3046.997	   0.007	   3.515	8.215	     0.000	     0.518	  7371.152	     0.000	     0.000	     0.958	     3.942
728.00	  916.270	-5527.835	 3046.996	   0.006	   1.698	8.215	     0.008	     0.259	  7400.129	     0.000	     0.000	     0.958	     1.973
729.00	  916.269	-5527.830	 3046.993	   0.001	   8.549	8.215	     0.035	     0.181	  7408.882	     0.000	     0.000	     0.000	     1.000
