#Time	x(km)		y(km)		z(km)		alt(km)	    relVel		dwnrng(km)	 Q(kPa)	   Fuel(tons) dV_tot	  dV_grav	  dv_drag		 throttle	accel (g's)
-59.10	  917.850	-5526.323	 3049.252	   0.000	   0.000	0.000	     0.000	   420.000	     0.000	     0.000	     0.000	     0.000	     0.000
-58.10	  917.850	-5526.323	 3049.252	   0.000	   0.000	0.000	     0.000	   420.000	     0.000	     0.000	     0.000	     0.000	     0.000
-57.10	  917.850	-5526.323	 3049.252	   0.000	   0.000	0.000	     0.000	   420.000	     0.000	     0.000	     0.000	     0.000	     0.000
-56.10	  917.850	-5526.323	 3049.252	   0.000	   0.000	0.000	     0.000	   420.000	     0.000	     0.000	     0.000	     0.000	     0.000
-55.10	  917.850	-5526.323	 3049.252	   0.000	   0.000	0.000	     0.000	   420.000	     0.000	     0.000	     0.000	     0.000	     0.000
-54.10	  917.850	-5526.323	 3049.252	   0.000	   0.000	0.000	     0.000	   420.000	     0.000	     0.000	     0.000	     0.000	     0.000
-53.10	  917.850	-5526.323	 3049.252	   0.000	   0.000	0.000	     0.000	   420.000	     0.000	     0.000	     0.000	     0.000	     0.000
-52.10	  917.850	-5526.323	 3049.252	   0.000	   0.000	0.000	     0.000	   420.000	     0.000	     0.000	     0.000	     0.000	     0.000
-51.10	  917.850	-5526.323	 3049.252	   0.000	   0.000	0.000	     0.000	   420.000	     0.000	     0.000	     0.000	     0.000	     0.000
-50.10	  917.850	-5526.323	 3049.252	   0.000	   0.000	0.000	     0.000	   420.000	     0.000	     0.000	     0.000	     0.000	     0.000
-49.10	  917.850	-5526.323	 3049.252	   0.000	   0.000	0.000	     0.000	   420.000	     0.000	     0.000	     0.000	     0.000	     0.000
-48.10	  917.850	-5526.323	 3049.252	   0.000	   0.000	0.000	     0.000	   420.000	     0.000	     0.000	     0.000	     0.000	     0.000
-47.10	  917.850	-5526.323	 3049.252	   0.000	   0.000	0.000	     0.000	   420.000	     0.000	     0.000	     0.000	     0.000	     0.000
-46.10	  917.850	-5526.323	 3049.252	   0.000	   0.000	0.000	     0.000	   420.000	     0.000	     0.000	     0.000	     0.000	     0.000
-45.10	  917.850	-5526.323	 3049.252	   0.000	   0.000	0.000	     0.000	   420.000	     0.000	     0.000	     0.000	     0.000	     0.000
-44.10	  917.850	-5526.323	 3049.252	   0.000	   0.000	0.000	     0.000	   420.000	     0.000	     0.000	     0.000	     0.000	     0.000
-43.10	  917.850	-5526.323	 3049.252	   0.000	   0.000	0.000	     0.000	   420.000	     0.000	     0.000	     0.000	     0.000	     0.000
-42.10	  917.850	-5526.323	 3049.252	   0.000	   0.000	0.000	     0.000	   420.000	     0.000	     0.000	     0.000	     0.000	     0.000
-41.10	  917.850	-5526.323	 3049.252	   0.000	   0.000	0.000	     0.000	   420.000	     0.000	     0.000	     0.000	     0.000	     0.000
-40.10	  917.850	-5526.323	 3049.252	   0.000	   0.000	0.000	     0.000	   420.000	     0.000	     0.000	     0.000	     0.000	     0.000
-39.10	  917.850	-5526.323	 3049.252	   0.000	   0.000	0.000	     0.000	   420.000	     0.000	     0.000	     0.000	     0.000	     0.000
-38.10	  917.850	-5526.323	 3049.252	   0.000	   0.000	0.000	     0.000	   420.000	     0.000	     0.000	     0.000	     0.000	     0.000
-37.10	  917.850	-5526.323	 3049.252	   0.000	   0.000	0.000	     0.000	   420.000	     0.000	     0.000	     0.000	     0.000	     0.000
-36.10	  917.850	-5526.323	 3049.252	   0.000	   0.000	0.000	     0.000	   420.000	     0.000	     0.000	     0.000	     0.000	     0.000
-35.10	  917.850	-5526.323	 3049.252	   0.000	   0.000	0.000	     0.000	   420.000	     0.000	     0.000	     0.000	     0.000	     0.000
-34.10	  917.850	-5526.323	 3049.252	   0.000	   0.000	0.000	     0.000	   420.000	     0.000	     0.000	     0.000	     0.000	     0.000
-33.10	  917.850	-5526.323	 3049.252	   0.000	   0.000	0.000	     0.000	   420.000	     0.000	     0.000	     0.000	     0.000	     0.000
-32.10	  917.850	-5526.323	 3049.252	   0.000	   0.000	0.000	     0.000	   420.000	     0.000	     0.000	     0.000	     0.000	     0.000
-31.10	  917.850	-5526.323	 3049.252	   0.000	   0.000	0.000	     0.000	   420.000	     0.000	     0.000	     0.000	     0.000	     0.000
-30.10	  917.850	-5526.323	 3049.252	   0.000	   0.000	0.000	     0.000	   420.000	     0.000	     0.000	     0.000	     0.000	     0.000
-29.10	  917.850	-5526.323	 3049.252	   0.000	   0.000	0.000	     0.000	   420.000	     0.000	     0.000	     0.000	     0.000	     0.000
-28.10	  917.850	-5526.323	 3049.252	   0.000	   0.000	0.000	     0.000	   420.000	     0.000	     0.000	     0.000	     0.000	     0.000
-27.10	  917.850	-5526.323	 3049.252	   0.000	   0.000	0.000	     0.000	   420.000	     0.000	     0.000	     0.000	     0.000	     0.000
-26.10	  917.850	-5526.323	 3049.252	   0.000	   0.000	0.000	     0.000	   420.000	     0.000	     0.000	     0.000	     0.000	     0.000
-25.10	  917.850	-5526.323	 3049.252	   0.000	   0.000	0.000	     0.000	   420.000	     0.000	     0.000	     0.000	     0.000	     0.000
-24.10	  917.850	-5526.323	 3049.252	   0.000	   0.000	0.000	     0.000	   420.000	     0.000	     0.000	     0.000	     0.000	     0.000
-23.10	  917.850	-5526.323	 3049.252	   0.000	   0.000	0.000	     0.000	   420.000	     0.000	     0.000	     0.000	     0.000	     0.000
-22.10	  917.850	-5526.323	 3049.252	   0.000	   0.000	0.000	     0.000	   420.000	     0.000	     0.000	     0.000	     0.000	     0.000
-21.10	  917.850	-5526.323	 3049.252	   0.000	   0.000	0.000	     0.000	   420.000	     0.000	     0.000	     0.000	     0.000	     0.000
-20.10	  917.850	-5526.323	 3049.252	   0.000	   0.000	0.000	     0.000	   420.000	     0.000	     0.000	     0.000	     0.000	     0.000
-19.10	  917.850	-5526.323	 3049.252	   0.000	   0.000	0.000	     0.000	   420.000	     0.000	     0.000	     0.000	     0.000	     0.000
-18.10	  917.850	-5526.323	 3049.252	   0.000	   0.000	0.000	     0.000	   420.000	     0.000	     0.000	     0.000	     0.000	     0.000
-17.10	  917.850	-5526.323	 3049.252	   0.000	   0.000	0.000	     0.000	   420.000	     0.000	     0.000	     0.000	     0.000	     0.000
-16.10	  917.850	-5526.323	 3049.252	   0.000	   0.000	0.000	     0.000	   420.000	     0.000	     0.000	     0.000	     0.000	     0.000
-15.10	  917.850	-5526.323	 3049.252	   0.000	   0.000	0.000	     0.000	   420.000	     0.000	     0.000	     0.000	     0.000	     0.000
-14.10	  917.850	-5526.323	 3049.252	   0.000	   0.000	0.000	     0.000	   420.000	     0.000	     0.000	     0.000	     0.000	     0.000
-13.10	  917.850	-5526.323	 3049.252	   0.000	   0.000	0.000	     0.000	   420.000	     0.000	     0.000	     0.000	     0.000	     0.000
-12.10	  917.850	-5526.323	 3049.252	   0.000	   0.000	0.000	     0.000	   420.000	     0.000	     0.000	     0.000	     0.000	     0.000
-11.10	  917.850	-5526.323	 3049.252	   0.000	   0.000	0.000	     0.000	   420.000	     0.000	     0.000	     0.000	     0.000	     0.000
-10.10	  917.850	-5526.323	 3049.252	   0.000	   0.000	0.000	     0.000	   420.000	     0.000	     0.000	     0.000	     0.000	     0.000
 -9.10	  917.850	-5526.323	 3049.252	   0.000	   0.000	0.000	     0.000	   420.000	     0.000	     0.000	     0.000	     0.000	     0.000
 -8.10	  917.850	-5526.323	 3049.252	   0.000	   0.000	0.000	     0.000	   420.000	     0.000	     0.000	     0.000	     0.000	     0.000
 -7.10	  917.850	-5526.323	 3049.252	   0.000	   0.000	0.000	     0.000	   420.000	     0.000	     0.000	     0.000	     0.000	     0.000
 -6.10	  917.850	-5526.323	 3049.252	   0.000	   0.000	0.000	     0.000	   420.000	     0.000	     0.000	     0.000	     0.000	     0.000
 -5.10	  917.850	-5526.323	 3049.252	   0.000	   0.000	0.000	     0.000	   420.000	     0.000	     0.000	     0.000	     0.000	     0.000
 -4.10	  917.850	-5526.323	 3049.252	   0.000	   0.000	0.000	     0.000	   420.000	     0.000	     0.000	     0.000	     0.000	     0.000
 -3.10	  917.850	-5526.323	 3049.252	   0.000	   0.000	0.000	     0.000	   420.000	     0.000	     0.000	     0.000	     0.000	     0.000
 -2.10	  917.850	-5526.323	 3049.252	   0.000	   0.000	0.000	     0.000	   420.000	     0.000	     0.000	     0.000	     0.000	     0.000
 -1.10	  917.850	-5526.323	 3049.252	   0.000	   0.000	0.000	     0.000	   417.807	    10.911	     0.000	     0.000	     1.000	     0.000
 -0.10	  917.850	-5526.323	 3049.252	   0.000	   0.000	0.000	     0.000	   415.370	    23.086	     0.000	     0.000	     1.000	     0.000
  0.00	  917.850	-5526.323	 3049.252	   0.000	   0.000	0.000	     0.000	   415.126	    24.306	     0.000	     0.000	     1.000	     0.000
  1.00	  917.850	-5526.324	 3049.253	   0.001	   2.221	0.000	     0.002	   412.933	    35.314	     0.000	     0.000	     1.000	     0.251
  2.00	  917.851	-5526.327	 3049.254	   0.005	   4.736	0.000	     0.012	   410.496	    47.598	     0.000	     0.000	     1.000	     0.257
  3.00	  917.851	-5526.333	 3049.257	   0.011	   7.306	0.000	     0.031	   408.059	    59.936	     0.000	     0.000	     1.000	     0.262
  4.00	  917.852	-5526.340	 3049.262	   0.020	   9.933	0.000	     0.058	   405.623	    72.332	     0.000	     0.000	     1.000	     0.268
  5.00	  917.854	-5526.351	 3049.267	   0.031	  12.617	0.001	     0.094	   403.186	    84.784	     0.000	     0.000	     1.000	     0.274
  6.00	  917.856	-5526.363	 3049.274	   0.045	  15.359	0.001	     0.140	   400.749	    97.295	     0.000	     0.000	     1.000	     0.280
  7.00	  917.858	-5526.378	 3049.282	   0.062	  18.161	0.001	     0.196	   398.312	   109.866	     0.000	     0.000	     1.000	     0.286
  8.00	  917.861	-5526.395	 3049.291	   0.082	  21.006	0.001	     0.263	   395.875	   122.496	     0.000	     0.000	     1.000	     0.297
  9.00	  917.864	-5526.414	 3049.303	   0.104	  23.926	0.001	     0.341	   393.438	   135.188	     0.000	     0.000	     1.000	     0.303
 10.00	  917.869	-5526.436	 3049.316	   0.130	  26.918	0.001	     0.432	   391.002	   147.942	     0.000	     0.000	     1.000	     0.309
 11.00	  917.874	-5526.460	 3049.330	   0.159	  29.978	0.002	     0.535	   388.565	   160.759	     0.000	     0.000	     1.000	     0.315
 12.00	  917.880	-5526.487	 3049.347	   0.190	  33.107	0.005	     0.651	   386.128	   173.640	     0.000	     0.000	     1.000	     0.322
 13.00	  917.887	-5526.516	 3049.365	   0.225	  36.304	0.007	     0.782	   383.691	   186.587	     0.000	     0.000	     1.000	     0.328
 14.00	  917.895	-5526.547	 3049.386	   0.263	  39.569	0.011	     0.926	   381.254	   199.600	     0.000	     0.000	     1.000	     0.335
 15.00	  917.903	-5526.581	 3049.408	   0.304	  42.903	0.015	     1.086	   378.817	   212.681	     0.000	     0.000	     1.000	     0.342
 16.00	  917.913	-5526.618	 3049.432	   0.349	  46.306	0.019	     1.260	   376.380	   225.831	     0.000	     0.000	     1.000	     0.349
 17.00	  917.924	-5526.658	 3049.457	   0.397	  49.779	0.024	     1.451	   373.944	   239.050	     0.000	     0.000	     1.000	     0.356
 18.00	  917.935	-5526.700	 3049.485	   0.448	  53.322	0.030	     1.658	   371.507	   252.340	     0.000	     0.000	     1.000	     0.363
 19.00	  917.947	-5526.745	 3049.515	   0.503	  56.937	0.036	     1.881	   369.070	   265.703	     0.000	     0.000	     1.000	     0.370
 20.00	  917.961	-5526.793	 3049.547	   0.561	  60.624	0.043	     2.122	   366.633	   279.139	     0.000	     0.000	     1.000	     0.378
 21.00	  917.975	-5526.844	 3049.581	   0.624	  64.385	0.050	     2.380	   364.196	   292.649	     0.000	     0.000	     1.000	     0.385
 22.00	  917.990	-5526.898	 3049.618	   0.690	  68.220	0.058	     2.656	   361.759	   306.235	     0.000	     0.000	     1.000	     0.393
 23.00	  918.006	-5526.955	 3049.656	   0.760	  72.130	0.067	     2.950	   359.323	   319.899	     0.000	     0.000	     1.000	     0.400
 24.00	  918.023	-5527.015	 3049.697	   0.833	  76.118	0.076	     3.263	   356.886	   333.641	     0.000	     0.000	     1.000	     0.408
 25.00	  918.042	-5527.078	 3049.739	   0.911	  80.183	0.086	     3.595	   354.449	   347.462	     0.000	     0.000	     1.000	     0.416
 26.00	  918.061	-5527.145	 3049.784	   0.993	  84.327	0.096	     3.945	   352.012	   361.365	     0.000	     0.000	     1.000	     0.424
 27.00	  918.081	-5527.215	 3049.832	   1.079	  88.551	0.107	     4.315	   349.575	   375.350	     0.000	     0.000	     1.000	     0.432
 28.00	  918.102	-5527.288	 3049.882	   1.169	  92.857	0.119	     4.704	   347.138	   389.419	     0.000	     0.000	     1.000	     0.441
 29.00	  918.124	-5527.365	 3049.934	   1.263	  97.245	0.131	     5.113	   344.701	   403.572	     0.000	     0.000	     1.000	     0.449
 30.00	  918.148	-5527.445	 3049.989	   1.362	 101.718	0.144	     5.541	   342.265	   417.813	     0.000	     0.000	     1.000	     0.458
 31.00	  918.172	-5527.529	 3050.046	   1.466	 106.275	0.158	     5.989	   339.828	   432.141	     0.000	     0.000	     1.000	     0.467
 32.00	  918.197	-5527.617	 3050.105	   1.574	 110.919	0.172	     6.455	   337.391	   446.558	     0.000	     0.000	     1.000	     0.476
 33.00	  918.224	-5527.708	 3050.168	   1.686	 115.651	0.186	     6.941	   334.954	   461.067	     0.000	     0.000	     1.000	     0.485
 34.00	  918.252	-5527.803	 3050.232	   1.803	 120.472	0.201	     7.445	   332.517	   475.667	     0.000	     0.000	     1.000	     0.494
 35.00	  918.281	-5527.903	 3050.300	   1.926	 125.384	0.217	     7.968	   330.080	   490.361	     0.000	     0.000	     1.000	     0.503
 36.00	  918.310	-5528.006	 3050.370	   2.053	 130.388	0.234	     8.509	   327.644	   505.151	     0.000	     0.000	     1.000	     0.512
 37.00	  918.342	-5528.113	 3050.443	   2.185	 135.485	0.251	     9.067	   325.207	   520.037	     0.000	     0.000	     1.000	     0.522
 38.00	  918.374	-5528.225	 3050.519	   2.322	 140.677	0.269	     9.643	   322.770	   535.021	     0.000	     0.000	     1.000	     0.532
 39.00	  918.407	-5528.340	 3050.598	   2.464	 145.965	0.287	    10.234	   320.333	   550.104	     0.000	     0.000	     1.000	     0.542
 40.00	  918.442	-5528.460	 3050.679	   2.612	 151.351	0.306	    10.840	   317.896	   565.289	     0.000	     0.000	     1.000	     0.552
 41.00	  918.478	-5528.585	 3050.764	   2.765	 156.836	0.326	    11.461	   315.459	   580.577	     0.000	     0.000	     1.000	     0.562
 42.00	  918.515	-5528.714	 3050.851	   2.924	 162.422	0.346	    12.095	   313.022	   595.969	     0.000	     0.000	     1.000	     0.572
 43.00	  918.553	-5528.847	 3050.942	   3.088	 168.110	0.367	    12.742	   310.586	   611.467	     0.000	     0.000	     1.000	     0.583
 44.00	  918.593	-5528.985	 3051.036	   3.258	 173.899	0.388	    13.398	   308.149	   627.071	     0.000	     0.000	     1.000	     0.593
 45.00	  918.634	-5529.128	 3051.132	   3.434	 179.790	0.411	    14.064	   305.712	   642.785	     0.000	     0.000	     1.000	     0.604
 46.00	  918.676	-5529.276	 3051.232	   3.615	 185.784	0.433	    14.738	   303.275	   658.610	     0.000	     0.000	     1.000	     0.614
 47.00	  918.720	-5529.429	 3051.336	   3.803	 191.884	0.457	    15.417	   300.838	   674.546	     0.000	     0.000	     1.000	     0.625
 48.00	  918.764	-5529.586	 3051.442	   3.997	 198.089	0.481	    16.100	   298.401	   690.596	     0.000	     0.000	     1.000	     0.636
 49.00	  918.811	-5529.749	 3051.552	   4.197	 204.402	0.506	    16.785	   295.965	   706.761	     0.000	     0.000	     1.000	     0.647
 50.00	  918.858	-5529.917	 3051.666	   4.403	 210.823	0.531	    17.471	   293.528	   723.042	     0.000	     0.000	     1.000	     0.658
 51.00	  918.907	-5530.091	 3051.783	   4.616	 217.354	0.557	    18.154	   291.091	   739.442	     0.000	     0.000	     1.000	     0.669
 52.00	  918.957	-5530.269	 3051.903	   4.835	 223.995	0.584	    18.833	   288.654	   755.962	     0.000	     0.000	     1.000	     0.681
 53.00	  919.009	-5530.454	 3052.027	   5.061	 230.748	0.612	    19.505	   286.217	   772.603	     0.000	     0.000	     1.000	     0.692
 54.00	  919.062	-5530.644	 3052.155	   5.294	 237.614	0.640	    20.168	   283.780	   789.367	     0.000	     0.000	     1.000	     0.704
 55.00	  919.117	-5530.839	 3052.286	   5.534	 244.595	0.669	    20.819	   281.343	   806.255	     0.000	     0.000	     1.000	     0.715
 56.00	  919.173	-5531.040	 3052.422	   5.780	 251.743	0.699	    21.464	   278.907	   823.270	     0.000	     0.000	     1.000	     0.743
 57.00	  919.232	-5531.246	 3052.562	   6.034	 259.014	0.731	    22.094	   276.470	   840.411	     0.000	     0.000	     1.000	     0.756
 58.00	  919.294	-5531.457	 3052.706	   6.295	 266.408	0.765	    22.705	   274.033	   857.682	     0.000	     0.000	     1.000	     0.769
 59.00	  919.358	-5531.674	 3052.856	   6.563	 273.928	0.802	    23.295	   271.596	   875.083	     0.000	     0.000	     1.000	     0.783
 60.00	  919.425	-5531.896	 3053.010	   6.838	 281.574	0.841	    23.860	   269.159	   892.616	     0.000	     0.000	     1.000	     0.796
 61.00	  919.494	-5532.123	 3053.169	   7.121	 289.349	0.882	    24.398	   266.722	   910.283	     0.000	     0.000	     1.000	     0.810
 62.00	  919.567	-5532.356	 3053.334	   7.412	 297.253	0.926	    24.907	   264.286	   928.084	     0.000	     0.000	     1.000	     0.824
 63.00	  919.642	-5532.595	 3053.503	   7.710	 305.289	0.972	    25.382	   261.849	   946.022	     0.000	     0.000	     1.000	     0.838
 64.00	  919.721	-5532.839	 3053.678	   8.016	 313.458	1.022	    25.822	   259.412	   964.098	     0.000	     0.000	     1.000	     0.853
 65.00	  919.802	-5533.088	 3053.859	   8.329	 321.761	1.074	    26.223	   256.975	   982.312	     0.000	     0.000	     1.000	     0.867
 66.00	  919.887	-5533.343	 3054.045	   8.651	 330.200	1.129	    26.583	   254.538	  1000.667	     0.000	     0.000	     1.000	     0.882
 67.00	  919.975	-5533.604	 3054.236	   8.981	 338.777	1.187	    26.899	   252.101	  1019.165	     0.000	     0.000	     1.000	     0.897
 68.00	  920.066	-5533.871	 3054.433	   9.319	 347.493	1.248	    27.168	   249.664	  1037.805	     0.000	     0.000	     1.000	     0.911
 69.00	  920.161	-5534.143	 3054.637	   9.665	 356.351	1.312	    27.388	   247.228	  1056.591	     0.000	     0.000	     1.000	     0.927
 70.00	  920.259	-5534.421	 3054.846	  10.020	 365.351	1.380	    27.557	   244.791	  1075.522	     0.000	     0.000	     1.000	     0.942
 71.00	  920.361	-5534.705	 3055.061	  10.383	 374.497	1.452	    27.672	   242.354	  1094.601	     0.000	     0.000	     1.000	     0.958
 72.00	  920.467	-5534.996	 3055.283	  10.756	 383.790	1.527	    27.731	   239.917	  1113.829	     0.000	     0.000	     1.000	     0.973
 73.00	  920.576	-5535.292	 3055.511	  11.136	 393.233	1.605	    27.636	   237.480	  1133.206	     0.000	     0.000	     1.000	     0.990
 74.00	  920.690	-5535.594	 3055.745	  11.526	 402.830	1.688	    27.284	   235.043	  1152.736	     0.000	     0.000	     1.000	     1.006
 75.00	  920.807	-5535.902	 3055.986	  11.925	 412.585	1.774	    26.889	   232.607	  1172.418	     0.000	     0.000	     1.000	     1.023
 76.00	  920.929	-5536.217	 3056.234	  12.333	 422.502	1.865	    26.452	   230.170	  1192.253	     0.000	     0.000	     1.000	     1.041
 77.00	  921.055	-5536.537	 3056.489	  12.751	 432.592	1.959	    25.976	   227.733	  1212.242	     0.000	     0.000	     1.000	     1.059
 78.00	  921.185	-5536.864	 3056.751	  13.177	 442.858	2.058	    25.464	   225.296	  1232.388	     0.000	     0.000	     1.000	     1.078
 79.00	  921.320	-5537.198	 3057.020	  13.614	 453.303	2.162	    24.917	   222.859	  1252.690	     0.000	     0.000	     1.000	     1.097
 80.00	  921.459	-5537.537	 3057.296	  14.060	 463.928	2.270	    24.337	   220.422	  1273.150	     0.000	     0.000	     1.000	     1.116
 81.00	  921.604	-5537.884	 3057.580	  14.516	 474.736	2.383	    23.728	   217.985	  1293.770	     0.000	     0.000	     1.000	     1.135
 82.00	  921.752	-5538.236	 3057.872	  14.982	 485.728	2.501	    23.091	   215.549	  1314.550	     0.000	     0.000	     1.000	     1.155
 83.00	  921.906	-5538.596	 3058.171	  15.458	 496.906	2.623	    22.429	   213.112	  1335.491	     0.000	     0.000	     1.000	     1.174
 84.00	  922.065	-5538.962	 3058.479	  15.945	 508.272	2.751	    21.745	   210.675	  1356.596	     0.000	     0.000	     1.000	     1.194
 85.00	  922.229	-5539.335	 3058.794	  16.442	 519.828	2.884	    21.042	   208.238	  1377.866	     0.000	     0.000	     1.000	     1.214
 86.10	  922.416	-5539.753	 3059.150	  17.001	 532.761	3.037	    20.250	   205.558	  1401.454	     0.000	     0.000	     1.000	     1.236
 87.10	  922.591	-5540.140	 3059.483	  17.520	 544.722	3.182	    19.515	   203.121	  1423.074	     0.000	     0.000	     1.000	     1.257
 88.10	  922.772	-5540.535	 3059.825	  18.051	 556.878	3.332	    18.770	   200.684	  1444.863	     0.000	     0.000	     1.000	     1.277
 89.10	  922.958	-5540.936	 3060.175	  18.592	 569.233	3.488	    18.017	   198.247	  1466.823	     0.000	     0.000	     1.000	     1.298
 90.10	  923.150	-5541.344	 3060.534	  19.145	 581.786	3.650	    17.260	   195.810	  1488.956	     0.000	     0.000	     1.000	     1.319
 91.10	  923.348	-5541.760	 3060.902	  19.709	 594.541	3.819	    16.501	   193.373	  1511.263	     0.000	     0.000	     1.000	     1.340
 92.10	  923.552	-5542.183	 3061.279	  20.285	 607.500	3.993	    15.714	   190.936	  1533.746	     0.000	     0.000	     1.000	     1.361
 93.10	  923.763	-5542.613	 3061.666	  20.872	 620.664	4.174	    14.892	   188.500	  1556.407	     0.000	     0.000	     1.000	     1.383
 94.10	  923.979	-5543.050	 3062.062	  21.471	 634.036	4.362	    14.082	   186.063	  1579.248	     0.000	     0.000	     1.000	     1.404
 95.10	  924.202	-5543.495	 3062.468	  22.082	 647.618	4.556	    13.286	   183.626	  1602.271	     0.000	     0.000	     1.000	     1.426
 96.10	  924.432	-5543.947	 3062.884	  22.705	 661.413	4.757	    12.508	   181.189	  1625.479	     0.000	     0.000	     1.000	     1.448
 97.10	  924.668	-5544.407	 3063.310	  23.341	 675.420	4.966	    11.750	   178.752	  1648.872	     0.000	     0.000	     1.000	     1.471
 98.10	  924.911	-5544.875	 3063.746	  23.989	 689.644	5.181	    11.012	   176.315	  1672.455	     0.000	     0.000	     1.000	     1.493
 99.10	  925.160	-5545.350	 3064.192	  24.650	 704.085	5.404	    10.297	   173.879	  1696.229	     0.000	     0.000	     1.000	     1.516
100.10	  925.417	-5545.833	 3064.649	  25.323	 718.824	5.634	     0.000	   171.442	  1720.223	     0.000	     0.000	     1.000	     1.558
101.10	  925.681	-5546.324	 3065.117	  26.010	 733.889	5.872	     0.000	   169.005	  1744.436	     0.000	     0.000	     1.000	     1.579
102.10	  925.953	-5546.823	 3065.596	  26.710	 749.164	6.118	     0.000	   166.568	  1768.844	     0.000	     0.000	     1.000	     1.601
103.10	  926.232	-5547.330	 3066.086	  27.424	 764.651	6.372	     0.000	   164.131	  1793.449	     0.000	     0.000	     1.000	     1.623
104.10	  926.519	-5547.846	 3066.588	  28.151	 780.355	6.634	     0.000	   161.694	  1818.254	     0.000	     0.000	     1.000	     1.646
105.10	  926.813	-5548.369	 3067.100	  28.892	 796.277	6.905	     0.000	   159.257	  1843.262	     0.000	     0.000	     1.000	     1.669
106.10	  927.116	-5548.901	 3067.625	  29.646	 812.423	7.184	     0.000	   156.821	  1868.478	     0.000	     0.000	     1.000	     1.692
107.10	  927.426	-5549.441	 3068.162	  30.415	 828.795	7.472	     0.000	   154.384	  1893.904	     0.000	     0.000	     1.000	     1.715
108.10	  927.745	-5549.990	 3068.710	  31.198	 845.397	7.768	     0.000	   151.947	  1919.544	     0.000	     0.000	     1.000	     1.739
109.10	  928.072	-5550.547	 3069.271	  31.996	 862.232	8.074	     0.000	   149.510	  1945.401	     0.000	     0.000	     1.000	     1.763
110.10	  928.407	-5551.113	 3069.844	  32.808	 879.305	8.388	     0.000	   147.073	  1971.480	     0.000	     0.000	     1.000	     1.788
111.10	  928.751	-5551.687	 3070.430	  33.635	 896.619	8.712	     0.000	   144.636	  1997.784	     0.000	     0.000	     1.000	     1.813
112.10	  929.104	-5552.271	 3071.028	  34.477	 914.178	9.046	     0.000	   142.200	  2024.317	     0.000	     0.000	     1.000	     1.838
113.10	  929.466	-5552.863	 3071.640	  35.334	 931.986	9.389	     0.000	   139.763	  2051.083	     0.000	     0.000	     1.000	     1.864
114.10	  929.837	-5553.463	 3072.265	  36.206	 950.047	9.742	     0.000	   137.326	  2078.087	     0.000	     0.000	     1.000	     1.890
115.10	  930.217	-5554.073	 3072.903	  37.094	 968.366	10.105	     0.000	   134.889	  2105.331	     0.000	     0.000	     1.000	     1.917
116.10	  930.607	-5554.692	 3073.554	  37.998	 986.947	10.479	     0.000	   132.452	  2132.822	     0.000	     0.000	     1.000	     1.944
117.10	  931.006	-5555.320	 3074.220	  38.918	1005.795	10.862	     0.000	   130.015	  2160.563	     0.000	     0.000	     1.000	     1.972
118.10	  931.414	-5555.957	 3074.899	  39.853	1024.913	11.256	     0.000	   127.578	  2188.559	     0.000	     0.000	     1.000	     2.000
119.10	  931.833	-5556.604	 3075.593	  40.805	1044.307	11.661	     0.000	   125.142	  2216.814	     0.000	     0.000	     1.000	     2.028
120.10	  932.261	-5557.260	 3076.301	  41.774	1063.982	12.077	     0.000	   122.705	  2245.334	     0.000	     0.000	     1.000	     2.057
121.10	  932.700	-5557.926	 3077.024	  42.759	1083.942	12.504	     0.000	   120.268	  2274.123	     0.000	     0.000	     1.000	     2.086
122.10	  933.149	-5558.601	 3077.761	  43.761	1104.193	12.943	     0.000	   117.831	  2303.187	     0.000	     0.000	     1.000	     2.116
123.10	  933.609	-5559.285	 3078.514	  44.781	1124.740	13.393	     0.000	   115.394	  2332.531	     0.000	     0.000	     1.000	     2.147
124.10	  934.079	-5559.980	 3079.282	  45.817	1145.589	13.854	     0.000	   112.957	  2362.160	     0.000	     0.000	     1.000	     2.178
125.10	  934.560	-5560.685	 3080.065	  46.872	1166.744	14.327	     0.000	   110.520	  2392.080	     0.000	     0.000	     1.000	     2.209
126.10	  935.052	-5561.399	 3080.864	  47.944	1188.212	14.813	     0.000	   108.084	  2422.297	     0.000	     0.000	     1.000	     2.241
127.10	  935.556	-5562.124	 3081.679	  49.034	1209.999	15.311	     0.000	   105.647	  2452.817	     0.000	     0.000	     1.000	     2.274
128.10	  936.071	-5562.859	 3082.510	  50.143	1232.110	15.821	     0.000	   103.210	  2483.645	     0.000	     0.000	     1.000	     2.308
129.10	  936.597	-5563.604	 3083.358	  51.270	1254.553	16.344	     0.000	   100.773	  2514.789	     0.000	     0.000	     1.000	     2.342
130.10	  937.135	-5564.360	 3084.223	  52.416	1277.333	16.880	     0.000	    98.336	  2546.254	     0.000	     0.000	     1.000	     2.376
131.10	  937.685	-5565.127	 3085.104	  53.582	1300.458	17.429	     0.000	    95.899	  2578.047	     0.000	     0.000	     1.000	     2.412
132.10	  938.247	-5565.904	 3086.003	  54.766	1323.933	17.991	     0.000	    93.463	  2610.175	     0.000	     0.000	     1.000	     2.448
133.10	  938.822	-5566.692	 3086.919	  55.971	1347.767	18.567	     0.000	    91.026	  2642.646	     0.000	     0.000	     1.000	     2.484
134.10	  939.409	-5567.491	 3087.854	  57.195	1371.966	19.156	     0.000	    88.589	  2675.467	     0.000	     0.000	     1.000	     2.522
135.10	  940.009	-5568.301	 3088.806	  58.439	1396.538	19.760	     0.000	    86.152	  2708.645	     0.000	     0.000	     1.000	     2.560
136.10	  940.622	-5569.123	 3089.776	  59.704	1421.491	20.378	     0.000	    83.715	  2742.189	     0.000	     0.000	     1.000	     2.599
137.10	  941.248	-5569.956	 3090.765	  60.990	1446.834	21.010	     0.000	    81.278	  2776.106	     0.000	     0.000	     1.000	     2.639
138.10	  941.887	-5570.800	 3091.773	  62.297	1472.574	21.657	     0.000	    78.841	  2810.404	     0.000	     0.000	     1.000	     2.680
139.10	  942.540	-5571.656	 3092.801	  63.625	1498.719	22.319	     0.000	    76.405	  2845.093	     0.000	     0.000	     1.000	     2.722
140.10	  943.207	-5572.525	 3093.847	  64.975	1525.280	22.996	     0.000	    73.968	  2880.182	     0.000	     0.000	     1.000	     2.764
141.10	  943.888	-5573.405	 3094.914	  66.347	1552.265	23.688	     0.000	    71.531	  2915.679	     0.000	     0.000	     1.000	     2.808
142.10	  944.583	-5574.297	 3096.000	  67.741	1576.071	24.396	     0.000	    69.338	  2947.984	     0.000	     0.000	     0.000	     0.979
143.10	  945.281	-5575.187	 3097.090	  69.137	1567.568	25.110	     0.000	    69.338	  2947.984	     0.000	     0.000	     0.000	     0.979
144.10	  945.978	-5576.069	 3098.175	  70.524	1558.146	25.823	     0.000	    69.338	  2947.984	     0.000	     0.000	     0.000	     2.054
145.10	  946.673	-5576.943	 3099.255	  71.900	1549.674	26.535	     0.000	    69.338	  2947.984	     0.000	     0.000	     0.000	     0.978
146.10	  947.367	-5577.808	 3100.330	  73.267	1541.218	27.247	     0.000	    69.338	  2947.984	     0.000	     0.000	     0.000	     0.977
147.10	  948.059	-5578.664	 3101.401	  74.625	1532.778	27.959	     0.000	    69.338	  2947.984	     0.000	     0.000	     0.000	     0.977
148.10	  948.750	-5579.513	 3102.467	  75.973	1524.353	28.670	     0.000	    69.338	  2947.984	     0.000	     0.000	     0.000	     0.977
149.10	  949.439	-5580.354	 3103.529	  77.312	1515.944	29.381	     0.000	    69.338	  2947.984	     0.000	     0.000	     0.000	     0.976
150.10	  950.126	-5581.186	 3104.586	  78.641	1507.551	30.091	     0.000	    69.338	  2947.984	     0.000	     0.000	     0.000	     0.976
151.10	  950.812	-5582.010	 3105.638	  79.961	1499.174	30.801	     0.000	    69.338	  2947.984	     0.000	     0.000	     0.000	     0.975
152.10	  951.497	-5582.827	 3106.686	  81.271	1490.813	31.510	     0.000	    69.338	  2947.984	     0.000	     0.000	     0.000	     0.975
153.10	  952.180	-5583.635	 3107.729	  82.573	1482.470	32.219	     0.000	    69.338	  2947.984	     0.000	     0.000	     0.000	     0.975
154.10	  952.862	-5584.435	 3108.767	  83.864	1474.142	32.928	     0.000	    69.338	  2947.984	     0.000	     0.000	     0.000	     0.974
155.10	  953.542	-5585.226	 3109.801	  85.147	1465.832	33.636	     0.000	    69.338	  2947.984	     0.000	     0.000	     0.000	     0.974
156.10	  954.220	-5586.010	 3110.831	  86.420	1457.538	34.344	     0.000	    69.338	  2947.984	     0.000	     0.000	     0.000	     0.973
157.10	  954.897	-5586.786	 3111.855	  87.684	1449.262	35.051	     0.000	    69.338	  2947.984	     0.000	     0.000	     0.000	     0.973
158.10	  955.572	-5587.553	 3112.876	  88.938	1441.004	35.758	     0.000	    69.338	  2947.984	     0.000	     0.000	     0.000	     0.973
159.10	  956.246	-5588.313	 3113.891	  90.183	1432.763	36.465	     0.000	    69.338	  2947.984	     0.000	     0.000	     0.000	     0.972
160.10	  956.919	-5589.064	 3114.902	  91.419	1424.540	37.171	     0.000	    69.338	  2947.984	     0.000	     0.000	     0.000	     0.972
161.10	  957.590	-5589.807	 3115.909	  92.645	1416.335	37.877	     0.000	    69.338	  2947.984	     0.000	     0.000	     0.000	     0.972
162.10	  958.259	-5590.542	 3116.910	  93.862	1408.148	38.582	     0.000	    69.338	  2947.984	     0.000	     0.000	     0.000	     0.971
163.10	  958.927	-5591.269	 3117.908	  95.070	1399.980	39.287	     0.000	    69.338	  2947.984	     0.000	     0.000	     0.000	     0.971
164.10	  959.593	-5591.988	 3118.900	  96.268	1391.831	39.992	     0.000	    69.338	  2947.984	     0.000	     0.000	     0.000	     0.971
165.10	  960.258	-5592.699	 3119.889	  97.457	1383.701	40.696	     0.000	    69.338	  2947.984	     0.000	     0.000	     0.000	     0.970
166.10	  960.921	-5593.401	 3120.872	  98.637	1375.590	41.400	     0.000	    69.338	  2947.984	     0.000	     0.000	     0.000	     0.970
167.10	  961.583	-5594.096	 3121.851	  99.807	1367.498	42.103	     0.000	    69.338	  2947.984	     0.000	     0.000	     0.000	     0.969
168.10	  962.244	-5594.783	 3122.825	 100.968	1359.426	42.806	     0.000	    69.338	  2947.984	     0.000	     0.000	     0.000	     0.969
169.10	  962.902	-5595.461	 3123.795	 102.120	1351.374	43.509	     0.000	    69.338	  2947.984	     0.000	     0.000	     0.000	     0.969
170.10	  963.560	-5596.132	 3124.760	 103.262	1343.343	44.212	     0.000	    69.338	  2947.984	     0.000	     0.000	     0.000	     0.968
171.10	  964.216	-5596.794	 3125.721	 104.395	1335.332	44.914	     0.000	    69.338	  2947.984	     0.000	     0.000	     0.000	     0.968
172.10	  964.870	-5597.448	 3126.677	 105.519	1327.341	45.615	     0.000	    69.338	  2947.984	     0.000	     0.000	     0.000	     0.968
173.10	  965.523	-5598.094	 3127.629	 106.633	1319.372	46.316	     0.000	    69.338	  2947.984	     0.000	     0.000	     0.000	     0.967
174.10	  966.174	-5598.733	 3128.576	 107.738	1311.425	47.017	     0.000	    69.338	  2947.984	     0.000	     0.000	     0.000	     0.967
175.10	  966.824	-5599.363	 3129.518	 108.834	1303.499	47.718	     0.000	    69.338	  2947.984	     0.000	     0.000	     0.000	     0.967
176.10	  967.472	-5599.985	 3130.456	 109.921	1295.594	48.418	     0.000	    69.338	  2947.984	     0.000	     0.000	     0.000	     0.966
177.10	  968.119	-5600.599	 3131.389	 110.998	1287.713	49.118	     0.000	    69.338	  2947.984	     0.000	     0.000	     0.000	     0.966
178.10	  968.764	-5601.205	 3132.318	 112.066	1279.854	49.818	     0.000	    69.338	  2947.984	     0.000	     0.000	     0.000	     0.966
179.10	  969.408	-5601.803	 3133.242	 113.124	1272.017	50.517	     0.000	    69.338	  2947.984	     0.000	     0.000	     0.000	     0.965
180.10	  970.051	-5602.393	 3134.161	 114.174	1264.205	51.216	     0.000	    69.338	  2947.984	     0.000	     0.000	     0.000	     0.965
181.10	  970.692	-5602.974	 3135.076	 115.214	1256.415	51.914	     0.000	    69.338	  2947.984	     0.000	     0.000	     0.000	     0.965
182.10	  971.331	-5603.548	 3135.987	 116.244	1248.650	52.613	     0.000	    69.338	  2947.984	     0.000	     0.000	     0.000	     0.965
183.10	  971.969	-5604.114	 3136.892	 117.266	1240.909	53.311	     0.000	    69.338	  2947.984	     0.000	     0.000	     0.000	     0.964
184.10	  972.605	-5604.672	 3137.794	 118.278	1233.193	54.008	     0.000	    69.338	  2947.984	     0.000	     0.000	     0.000	     0.964
185.10	  973.240	-5605.222	 3138.690	 119.281	1225.502	54.705	     0.000	    69.338	  2947.984	     0.000	     0.000	     0.000	     0.964
186.10	  973.874	-5605.763	 3139.583	 120.275	1217.836	55.402	     0.000	    69.338	  2947.984	     0.000	     0.000	     0.000	     0.963
187.10	  974.505	-5606.297	 3140.470	 121.259	1210.196	56.099	     0.000	    69.338	  2947.984	     0.000	     0.000	     0.000	     0.963
188.10	  975.136	-5606.823	 3141.353	 122.234	1202.583	56.795	     0.000	    69.338	  2947.984	     0.000	     0.000	     0.000	     0.963
189.10	  975.765	-5607.340	 3142.232	 123.200	1194.996	57.491	     0.000	    69.338	  2947.984	     0.000	     0.000	     0.000	     0.962
190.10	  976.392	-5607.850	 3143.106	 124.157	1187.436	58.187	     0.000	    69.338	  2947.984	     0.000	     0.000	     0.000	     0.962
191.10	  977.018	-5608.352	 3143.975	 125.104	1179.904	58.882	     0.000	    69.338	  2947.984	     0.000	     0.000	     0.000	     0.962
192.10	  977.643	-5608.845	 3144.840	 126.042	1172.399	59.577	     0.000	    69.338	  2947.984	     0.000	     0.000	     0.000	     0.962
193.10	  978.266	-5609.331	 3145.700	 126.971	1164.924	60.272	     0.000	    69.338	  2947.984	     0.000	     0.000	     0.000	     0.961
194.10	  978.887	-5609.809	 3146.556	 127.891	1157.477	60.967	     0.000	    69.338	  2947.984	     0.000	     0.000	     0.000	     0.961
195.10	  979.507	-5610.278	 3147.407	 128.801	1150.059	61.661	     0.000	    69.338	  2947.984	     0.000	     0.000	     0.000	     0.961
196.10	  980.126	-5610.740	 3148.253	 129.702	1142.671	62.355	     0.000	    69.338	  2947.984	     0.000	     0.000	     0.000	     0.961
197.10	  980.743	-5611.193	 3149.095	 130.594	1135.314	63.049	     0.000	    69.338	  2947.984	     0.000	     0.000	     0.000	     0.960
198.10	  981.359	-5611.639	 3149.933	 131.477	1127.988	63.742	     0.000	    69.338	  2947.984	     0.000	     0.000	     0.000	     0.960
199.10	  981.973	-5612.077	 3150.766	 132.350	1120.692	64.435	     0.000	    69.338	  2947.984	     0.000	     0.000	     0.000	     0.960
200.10	  982.585	-5612.506	 3151.594	 133.214	1113.429	65.128	     0.000	    69.338	  2947.984	     0.000	     0.000	     0.000	     0.960
201.10	  983.197	-5612.928	 3152.418	 134.069	1106.199	65.820	     0.000	    69.338	  2947.984	     0.000	     0.000	     0.000	     0.959
202.10	  983.806	-5613.342	 3153.237	 134.915	1099.001	66.513	     0.000	    69.338	  2947.984	     0.000	     0.000	     0.000	     0.959
203.10	  984.415	-5613.748	 3154.052	 135.752	1091.837	67.205	     0.000	    69.338	  2947.984	     0.000	     0.000	     0.000	     0.959
204.10	  985.021	-5614.145	 3154.862	 136.579	1084.707	67.896	     0.000	    69.338	  2947.984	     0.000	     0.000	     0.000	     0.959
205.10	  985.627	-5614.535	 3155.668	 137.397	1077.612	68.588	     0.000	    69.338	  2947.984	     0.000	     0.000	     0.000	     0.958
206.10	  986.230	-5614.917	 3156.469	 138.206	1070.552	69.279	     0.000	    69.338	  2947.984	     0.000	     0.000	     0.000	     0.958
207.10	  986.833	-5615.291	 3157.265	 139.005	1063.528	69.970	     0.000	    69.338	  2947.984	     0.000	     0.000	     0.000	     0.958
208.10	  987.434	-5615.657	 3158.057	 139.796	1056.541	70.661	     0.000	    69.338	  2947.984	     0.000	     0.000	     0.000	     0.958
209.10	  988.033	-5616.015	 3158.845	 140.577	1049.591	71.351	     0.000	    69.338	  2947.984	     0.000	     0.000	     0.000	     0.957
210.10	  988.631	-5616.365	 3159.628	 141.349	1042.679	72.042	     0.000	    69.338	  2947.984	     0.000	     0.000	     0.000	     0.957
211.10	  989.228	-5616.707	 3160.406	 142.112	1035.806	72.732	     0.000	    69.338	  2947.984	     0.000	     0.000	     0.000	     0.957
212.10	  989.823	-5617.041	 3161.180	 142.865	1028.972	73.421	     0.000	    69.338	  2947.984	     0.000	     0.000	     0.000	     0.957
213.10	  990.416	-5617.367	 3161.949	 143.610	1022.178	74.111	     0.000	    69.338	  2947.984	     0.000	     0.000	     0.000	     0.956
214.10	  991.008	-5617.685	 3162.714	 144.345	1015.425	74.800	     0.000	    69.338	  2947.984	     0.000	     0.000	     0.000	     0.956
215.10	  991.599	-5617.995	 3163.474	 145.071	1008.714	75.489	     0.000	    69.338	  2947.984	     0.000	     0.000	     0.000	     0.956
216.10	  992.188	-5618.297	 3164.230	 145.788	1002.044	76.178	     0.000	    69.338	  2947.984	     0.000	     0.000	     0.000	     0.956
217.10	  992.776	-5618.591	 3164.981	 146.495	 995.418	76.866	     0.000	    69.338	  2947.984	     0.000	     0.000	     0.000	     0.956
218.10	  993.362	-5618.878	 3165.727	 147.194	 988.835	77.555	     0.000	    69.338	  2947.984	     0.000	     0.000	     0.000	     0.955
219.10	  993.947	-5619.156	 3166.470	 147.883	 982.298	78.243	     0.000	    69.338	  2947.984	     0.000	     0.000	     0.000	     0.955
220.10	  994.530	-5619.426	 3167.207	 148.563	 975.805	78.931	     0.000	    69.338	  2947.984	     0.000	     0.000	     0.000	     0.955
221.10	  995.112	-5619.689	 3167.940	 149.234	 969.359	79.619	     0.000	    69.338	  2947.984	     0.000	     0.000	     0.000	     0.955
222.10	  995.692	-5619.943	 3168.668	 149.895	 962.960	80.306	     0.000	    69.338	  2947.984	     0.000	     0.000	     0.000	     0.955
223.10	  996.271	-5620.190	 3169.392	 150.548	 956.609	80.993	     0.000	    69.338	  2947.984	     0.000	     0.000	     0.000	     0.954
224.10	  996.849	-5620.429	 3170.112	 151.191	 950.307	81.680	     0.000	    69.338	  2947.984	     0.000	     0.000	     0.000	     0.954
225.10	  997.425	-5620.659	 3170.826	 151.825	 944.055	82.367	     0.000	    69.338	  2947.984	     0.000	     0.000	     0.000	     0.954
226.10	  997.999	-5620.882	 3171.537	 152.450	 937.854	83.054	     0.000	    69.338	  2947.984	     0.000	     0.000	     0.000	     0.954
227.10	  998.572	-5621.097	 3172.242	 153.066	 931.704	83.740	     0.000	    69.338	  2947.984	     0.000	     0.000	     0.000	     0.954
228.10	  999.144	-5621.304	 3172.943	 153.672	 925.607	84.427	     0.000	    69.338	  2947.984	     0.000	     0.000	     0.000	     0.954
229.10	  999.714	-5621.503	 3173.640	 154.270	 919.564	85.113	     0.000	    69.338	  2947.984	     0.000	     0.000	     0.000	     0.953
230.10	 1000.283	-5621.694	 3174.332	 154.858	 916.103	85.799	     0.000	    69.257	  2950.511	     0.000	     0.000	     1.000	     2.102
231.10	 1000.842	-5621.887	 3175.014	 155.441	 893.308	86.473	     0.000	    68.444	  2975.898	     0.000	     0.000	     1.000	     2.635
232.10	 1001.383	-5622.086	 3175.678	 156.018	 870.544	87.122	     0.000	    67.632	  3001.498	     0.000	     0.000	     1.000	     2.656
233.10	 1001.907	-5622.292	 3176.325	 156.590	 847.827	87.747	     0.000	    66.820	  3027.315	     0.000	     0.000	     1.000	     2.677
234.10	 1002.411	-5622.505	 3176.954	 157.157	 825.180	88.346	     0.000	    66.007	  3053.353	     0.000	     0.000	     1.000	     2.698
235.10	 1002.898	-5622.724	 3177.565	 157.718	 802.626	88.919	     0.000	    65.195	  3079.615	     0.000	     0.000	     1.000	     2.720
236.10	 1003.366	-5622.952	 3178.159	 158.274	 780.191	89.467	     0.000	    64.383	  3106.106	     0.000	     0.000	     1.000	     2.742
237.10	 1003.816	-5623.186	 3178.734	 158.825	 757.909	89.990	     0.000	    63.571	  3132.829	     0.000	     0.000	     1.000	     2.764
238.10	 1004.246	-5623.428	 3179.291	 159.370	 735.813	90.486	     0.000	    62.758	  3159.788	     0.000	     0.000	     1.000	     2.787
239.10	 1004.658	-5623.678	 3179.830	 159.911	 713.944	90.956	     0.000	    61.946	  3186.988	     0.000	     0.000	     1.000	     2.810
240.10	 1005.051	-5623.935	 3180.351	 160.446	 692.349	91.399	     0.000	    61.134	  3214.433	     0.000	     0.000	     1.000	     2.834
241.10	 1005.424	-5624.200	 3180.852	 160.976	 671.080	91.815	     0.000	    60.321	  3242.127	     0.000	     0.000	     1.000	     2.858
242.10	 1005.778	-5624.473	 3181.336	 161.500	 650.197	92.205	     0.000	    59.509	  3270.076	     0.000	     0.000	     1.000	     2.883
243.10	 1006.113	-5624.755	 3181.800	 162.020	 629.770	92.567	     0.000	    58.697	  3298.283	     0.000	     0.000	     1.000	     2.908
244.10	 1006.427	-5625.045	 3182.246	 162.535	 609.875	92.902	     0.000	    57.885	  3326.754	     0.000	     0.000	     1.000	     2.934
245.10	 1006.722	-5625.343	 3182.673	 163.045	 590.601	93.209	     0.000	    57.072	  3355.493	     0.000	     0.000	     1.000	     2.960
246.10	 1006.997	-5625.650	 3183.080	 163.549	 572.048	93.489	     0.000	    56.260	  3384.506	     0.000	     0.000	     1.000	     2.987
247.10	 1007.251	-5625.965	 3183.468	 164.049	 554.328	93.740	     0.000	    55.448	  3413.798	     0.000	     0.000	     1.000	     3.014
248.10	 1007.485	-5626.290	 3183.837	 164.544	 537.563	93.962	     0.000	    54.635	  3443.374	     0.000	     0.000	     1.000	     3.042
249.10	 1007.699	-5626.624	 3184.186	 165.034	 521.893	94.156	     0.000	    53.823	  3473.240	     0.000	     0.000	     1.000	     3.070
250.10	 1007.891	-5626.967	 3184.515	 165.519	 507.466	94.320	     0.000	    53.011	  3503.402	     0.000	     0.000	     1.000	     3.099
251.10	 1008.063	-5627.320	 3184.825	 166.000	 494.441	94.456	     0.000	    52.199	  3533.865	     0.000	     0.000	     1.000	     3.129
252.10	 1008.213	-5627.682	 3185.114	 166.475	 482.987	94.561	     0.000	    51.386	  3564.636	     0.000	     0.000	     1.000	     3.159
253.10	 1008.342	-5628.054	 3185.384	 166.946	 473.275	94.637	     0.000	    50.574	  3595.721	     0.000	     0.000	     1.000	     3.190
254.10	 1008.449	-5628.436	 3185.632	 167.413	 465.475	94.683	     0.000	    49.762	  3627.126	     0.000	     0.000	     1.000	     3.222
255.10	 1008.534	-5628.828	 3185.861	 167.874	 459.747	94.698	     0.000	    48.950	  3658.859	     0.000	     0.000	     1.000	     3.254
256.10	 1008.597	-5629.231	 3186.068	 168.332	 456.237	94.682	     0.000	    48.137	  3690.925	     0.000	     0.000	     1.000	     3.287
257.10	 1008.638	-5629.644	 3186.255	 168.784	 455.065	94.635	     0.000	    47.325	  3723.332	     0.000	     0.000	     1.000	     3.321
258.10	 1008.657	-5630.068	 3186.421	 169.233	 456.323	94.557	     0.000	    46.513	  3756.088	     0.000	     0.000	     1.000	     3.355
259.10	 1008.653	-5630.503	 3186.565	 169.676	 460.063	94.447	     0.000	    45.700	  3789.200	     0.000	     0.000	     1.000	     3.390
260.10	 1008.625	-5630.949	 3186.688	 170.116	 466.303	94.305	     0.000	    44.888	  3822.675	     0.000	     0.000	     1.000	     3.426
261.10	 1008.575	-5631.406	 3186.790	 170.551	 475.023	94.130	     0.000	    44.076	  3856.522	     0.000	     0.000	     1.000	     3.463
262.10	 1008.501	-5631.875	 3186.869	 170.982	 486.168	93.922	     0.000	    43.264	  3890.750	     0.000	     0.000	     1.000	     3.501
263.10	 1008.404	-5632.356	 3186.927	 171.409	 499.657	93.682	     0.000	    42.451	  3925.366	     0.000	     0.000	     1.000	     3.540
264.10	 1008.282	-5632.849	 3186.963	 171.831	 515.387	93.407	     0.000	    41.639	  3960.381	     0.000	     0.000	     1.000	     3.579
265.10	 1008.136	-5633.354	 3186.976	 172.250	 533.243	93.099	     0.000	    40.827	  3995.802	     0.000	     0.000	     1.000	     3.620
266.10	 1007.966	-5633.872	 3186.966	 172.665	 553.100	92.756	     0.000	    40.014	  4031.640	     0.000	     0.000	     1.000	     3.661
267.10	 1007.771	-5634.402	 3186.934	 173.075	 574.834	92.379	     0.000	    39.202	  4067.904	     0.000	     0.000	     1.000	     3.704
268.10	 1007.563	-5634.935	 3186.888	 173.479	 571.244	91.982	     0.000	    39.121	  4071.554	     0.000	     0.000	     0.000	     0.948
269.10	 1007.353	-5635.459	 3186.838	 173.874	 564.805	91.585	     0.000	    39.121	  4071.554	     0.000	     0.000	     0.000	     0.948
270.10	 1007.142	-5635.976	 3186.783	 174.260	 558.447	91.188	     0.000	    39.121	  4071.554	     0.000	     0.000	     0.000	     0.948
271.10	 1006.930	-5636.485	 3186.723	 174.637	 552.171	90.792	     0.000	    39.121	  4071.554	     0.000	     0.000	     0.000	     0.947
272.10	 1006.715	-5636.986	 3186.659	 175.004	 545.980	90.395	     0.000	    39.121	  4071.554	     0.000	     0.000	     0.000	     0.947
273.10	 1006.500	-5637.479	 3186.591	 175.362	 539.879	89.998	     0.000	    39.121	  4071.554	     0.000	     0.000	     0.000	     0.947
274.10	 1006.283	-5637.964	 3186.518	 175.711	 533.869	89.602	     0.000	    39.121	  4071.554	     0.000	     0.000	     0.000	     0.947
275.10	 1006.064	-5638.440	 3186.440	 176.050	 527.953	89.205	     0.000	    39.121	  4071.554	     0.000	     0.000	     0.000	     0.947
276.10	 1005.844	-5638.909	 3186.358	 176.380	 522.135	88.808	     0.000	    39.121	  4071.554	     0.000	     0.000	     0.000	     0.947
277.10	 1005.622	-5639.370	 3186.271	 176.701	 516.419	88.411	     0.000	    39.121	  4071.554	     0.000	     0.000	     0.000	     0.947
278.10	 1005.399	-5639.823	 3186.180	 177.013	 510.806	88.015	     0.000	    39.121	  4071.554	     0.000	     0.000	     0.000	     0.947
279.10	 1005.175	-5640.268	 3186.085	 177.315	 505.302	87.618	     0.000	    39.121	  4071.554	     0.000	     0.000	     0.000	     0.947
280.10	 1004.948	-5640.705	 3185.985	 177.608	 499.908	87.221	     0.000	    39.121	  4071.554	     0.000	     0.000	     0.000	     0.947
281.10	 1004.721	-5641.134	 3185.880	 177.892	 494.629	86.825	     0.000	    39.121	  4071.554	     0.000	     0.000	     0.000	     0.946
282.10	 1004.492	-5641.555	 3185.771	 178.167	 489.469	86.428	     0.000	    39.121	  4071.554	     0.000	     0.000	     0.000	     0.946
283.10	 1004.261	-5641.968	 3185.657	 178.432	 484.431	86.031	     0.000	    39.121	  4071.554	     0.000	     0.000	     0.000	     0.946
284.10	 1004.029	-5642.373	 3185.539	 178.688	 479.519	85.634	     0.000	    39.121	  4071.554	     0.000	     0.000	     0.000	     0.946
285.10	 1003.796	-5642.770	 3185.416	 178.935	 474.737	85.238	     0.000	    39.121	  4071.554	     0.000	     0.000	     0.000	     0.946
286.10	 1003.561	-5643.159	 3185.289	 179.172	 470.088	84.841	     0.000	    39.121	  4071.554	     0.000	     0.000	     0.000	     0.946
287.10	 1003.325	-5643.540	 3185.158	 179.401	 465.577	84.444	     0.000	    39.121	  4071.554	     0.000	     0.000	     0.000	     0.946
288.10	 1003.087	-5643.913	 3185.022	 179.620	 461.208	84.047	     0.000	    39.121	  4071.554	     0.000	     0.000	     0.000	     0.946
289.10	 1002.848	-5644.279	 3184.881	 179.830	 456.985	83.651	     0.000	    39.121	  4071.554	     0.000	     0.000	     0.000	     0.946
290.10	 1002.607	-5644.636	 3184.736	 180.030	 452.911	83.254	     0.000	    39.121	  4071.554	     0.000	     0.000	     0.000	     0.946
291.10	 1002.365	-5644.985	 3184.586	 180.221	 448.991	82.857	     0.000	    39.121	  4071.554	     0.000	     0.000	     0.000	     0.946
292.10	 1002.121	-5645.326	 3184.432	 180.404	 445.228	82.460	     0.000	    39.121	  4071.554	     0.000	     0.000	     0.000	     0.946
293.10	 1001.876	-5645.659	 3184.273	 180.576	 441.628	82.064	     0.000	    39.121	  4071.554	     0.000	     0.000	     0.000	     0.946
294.10	 1001.629	-5645.984	 3184.110	 180.740	 438.193	81.667	     0.000	    39.121	  4071.554	     0.000	     0.000	     0.000	     0.946
295.10	 1001.381	-5646.302	 3183.943	 180.894	 434.928	81.270	     0.000	    39.121	  4071.554	     0.000	     0.000	     0.000	     0.946
296.10	 1001.131	-5646.611	 3183.770	 181.039	 431.836	80.873	     0.000	    39.121	  4071.554	     0.000	     0.000	     0.000	     0.946
297.10	 1000.880	-5646.912	 3183.594	 181.175	 428.921	80.477	     0.000	    39.121	  4071.554	     0.000	     0.000	     0.000	     0.946
298.10	 1000.628	-5647.205	 3183.413	 181.301	 426.187	80.080	     0.000	    39.121	  4071.554	     0.000	     0.000	     0.000	     0.945
299.00	 1000.400	-5647.463	 3183.246	 181.407	 423.883	79.723	     0.000	    39.121	  4071.554	     0.000	     0.000	     0.000	     0.945
300.00	 1000.144	-5647.741	 3183.056	 181.516	 421.502	79.326	     0.000	    39.121	  4071.554	     0.000	     0.000	     0.000	     0.945
301.00	  999.888	-5648.011	 3182.862	 181.616	 419.311	78.929	     0.000	    39.121	  4071.554	     0.000	     0.000	     0.000	     0.945
302.00	  999.630	-5648.273	 3182.663	 181.707	 417.313	78.532	     0.000	    39.121	  4071.554	     0.000	     0.000	     0.000	     0.945
303.00	  999.370	-5648.527	 3182.460	 181.788	 415.511	78.136	     0.000	    39.121	  4071.554	     0.000	     0.000	     0.000	     0.945
304.00	  999.109	-5648.773	 3182.253	 181.860	 413.908	77.739	     0.000	    39.121	  4071.554	     0.000	     0.000	     0.000	     0.945
305.00	  998.847	-5649.012	 3182.040	 181.923	 412.506	77.342	     0.000	    39.121	  4071.554	     0.000	     0.000	     0.000	     0.945
306.00	  998.583	-5649.242	 3181.824	 181.976	 411.307	76.945	     0.000	    39.121	  4071.554	     0.000	     0.000	     0.000	     0.945
307.00	  998.318	-5649.464	 3181.603	 182.020	 410.312	76.548	     0.000	    39.121	  4071.554	     0.000	     0.000	     0.000	     0.945
308.00	  998.051	-5649.678	 3181.377	 182.055	 409.524	76.152	     0.000	    39.121	  4071.554	     0.000	     0.000	     0.000	     0.945
309.00	  997.783	-5649.885	 3181.147	 182.081	 408.943	75.755	     0.000	    39.121	  4071.554	     0.000	     0.000	     0.000	     0.945
310.00	  997.513	-5650.083	 3180.912	 182.097	 408.570	75.358	     0.000	    39.121	  4071.554	     0.000	     0.000	     0.000	     0.945
311.00	  997.242	-5650.273	 3180.673	 182.105	 408.406	74.961	     0.000	    39.121	  4071.554	     0.000	     0.000	     0.000	     0.945
312.00	  996.970	-5650.455	 3180.430	 182.103	 408.451	74.564	     0.000	    39.121	  4071.554	     0.000	     0.000	     0.000	     0.945
313.00	  996.696	-5650.630	 3180.182	 182.091	 408.705	74.167	     0.000	    39.121	  4071.554	     0.000	     0.000	     0.000	     0.945
314.00	  996.420	-5650.796	 3179.929	 182.071	 409.167	73.770	     0.000	    39.121	  4071.554	     0.000	     0.000	     0.000	     0.945
315.00	  996.144	-5650.954	 3179.672	 182.041	 409.838	73.374	     0.000	    39.121	  4071.554	     0.000	     0.000	     0.000	     0.945
316.00	  995.866	-5651.105	 3179.411	 182.002	 410.715	72.977	     0.000	    39.121	  4071.554	     0.000	     0.000	     0.000	     0.945
317.00	  995.586	-5651.247	 3179.145	 181.954	 411.798	72.580	     0.000	    39.121	  4071.554	     0.000	     0.000	     0.000	     0.945
318.00	  995.305	-5651.382	 3178.874	 181.896	 413.085	72.183	     0.000	    39.121	  4071.554	     0.000	     0.000	     0.000	     0.945
319.00	  995.023	-5651.508	 3178.599	 181.830	 414.574	71.786	     0.000	    39.121	  4071.554	     0.000	     0.000	     0.000	     0.945
320.00	  994.739	-5651.626	 3178.320	 181.754	 416.263	71.389	     0.000	    39.121	  4071.554	     0.000	     0.000	     0.000	     0.945
321.00	  994.454	-5651.737	 3178.036	 181.668	 418.149	70.992	     0.000	    39.121	  4071.554	     0.000	     0.000	     0.000	     0.945
322.00	  994.167	-5651.839	 3177.747	 181.574	 420.230	70.595	     0.000	    39.121	  4071.554	     0.000	     0.000	     0.000	     0.945
323.00	  993.879	-5651.934	 3177.454	 181.470	 422.504	70.198	     0.000	    39.121	  4071.554	     0.000	     0.000	     0.000	     0.945
324.00	  993.589	-5652.020	 3177.157	 181.357	 424.966	69.801	     0.000	    39.121	  4071.554	     0.000	     0.000	     0.000	     0.945
325.00	  993.298	-5652.099	 3176.855	 181.235	 427.614	69.404	     0.000	    39.121	  4071.554	     0.000	     0.000	     0.000	     0.945
326.00	  993.006	-5652.169	 3176.548	 181.104	 430.445	69.007	     0.000	    39.121	  4071.554	     0.000	     0.000	     0.000	     0.946
327.00	  992.712	-5652.232	 3176.237	 180.963	 433.454	68.610	     0.000	    39.121	  4071.554	     0.000	     0.000	     0.000	     0.946
328.00	  992.417	-5652.286	 3175.922	 180.813	 436.638	68.213	     0.000	    39.121	  4071.554	     0.000	     0.000	     0.000	     0.946
329.00	  992.121	-5652.332	 3175.602	 180.654	 439.994	67.816	     0.000	    39.121	  4071.554	     0.000	     0.000	     0.000	     0.946
330.00	  991.823	-5652.371	 3175.278	 180.485	 443.517	67.419	     0.000	    39.121	  4071.554	     0.000	     0.000	     0.000	     0.946
331.00	  991.523	-5652.401	 3174.949	 180.307	 447.204	67.022	     0.000	    39.121	  4071.554	     0.000	     0.000	     0.000	     0.946
332.00	  991.223	-5652.424	 3174.616	 180.120	 451.050	66.625	     0.000	    39.121	  4071.554	     0.000	     0.000	     0.000	     0.946
333.00	  990.921	-5652.438	 3174.278	 179.924	 455.052	66.228	     0.000	    39.121	  4071.554	     0.000	     0.000	     0.000	     0.946
334.00	  990.617	-5652.445	 3173.936	 179.719	 459.206	65.831	     0.000	    39.121	  4071.554	     0.000	     0.000	     0.000	     0.946
335.00	  990.312	-5652.443	 3173.589	 179.504	 463.507	65.434	     0.000	    39.121	  4071.554	     0.000	     0.000	     0.000	     0.946
336.00	  990.006	-5652.434	 3173.238	 179.280	 467.952	65.037	     0.000	    39.121	  4071.554	     0.000	     0.000	     0.000	     0.946
337.00	  989.698	-5652.416	 3172.882	 179.047	 472.536	64.639	     0.000	    39.121	  4071.554	     0.000	     0.000	     0.000	     0.946
338.00	  989.389	-5652.391	 3172.522	 178.804	 477.256	64.242	     0.000	    39.121	  4071.554	     0.000	     0.000	     0.000	     0.946
339.00	  989.079	-5652.357	 3172.157	 178.552	 482.107	63.845	     0.000	    39.121	  4071.554	     0.000	     0.000	     0.000	     0.946
340.00	  988.767	-5652.315	 3171.788	 178.291	 487.087	63.448	     0.000	    39.121	  4071.554	     0.000	     0.000	     0.000	     0.946
341.00	  988.453	-5652.266	 3171.414	 178.021	 492.190	63.051	     0.000	    39.121	  4071.554	     0.000	     0.000	     0.000	     0.946
342.00	  988.139	-5652.208	 3171.036	 177.741	 497.413	62.654	     0.000	    39.121	  4071.554	     0.000	     0.000	     0.000	     0.947
343.00	  987.823	-5652.143	 3170.653	 177.453	 502.753	62.256	     0.000	    39.121	  4071.554	     0.000	     0.000	     0.000	     0.947
344.00	  987.505	-5652.069	 3170.266	 177.155	 508.206	61.859	     0.000	    39.121	  4071.554	     0.000	     0.000	     0.000	     0.947
345.00	  987.187	-5651.987	 3169.874	 176.847	 513.768	61.462	     0.000	    39.121	  4071.554	     0.000	     0.000	     0.000	     0.947
346.00	  986.866	-5651.898	 3169.478	 176.531	 519.436	61.065	     0.000	    39.121	  4071.554	     0.000	     0.000	     0.000	     0.947
347.00	  986.545	-5651.800	 3169.078	 176.205	 525.207	60.667	     0.000	    39.121	  4071.554	     0.000	     0.000	     0.000	     0.947
348.00	  986.222	-5651.695	 3168.673	 175.870	 531.077	60.270	     0.000	    39.121	  4071.554	     0.000	     0.000	     0.000	     0.947
349.00	  985.898	-5651.581	 3168.263	 175.525	 537.043	59.873	     0.000	    39.121	  4071.554	     0.000	     0.000	     0.000	     0.947
350.00	  985.572	-5651.459	 3167.849	 175.172	 543.101	59.475	     0.000	    39.121	  4071.554	     0.000	     0.000	     0.000	     0.947
351.00	  985.245	-5651.329	 3167.430	 174.809	 549.250	59.078	     0.000	    39.121	  4071.554	     0.000	     0.000	     0.000	     0.947
352.00	  984.917	-5651.192	 3167.007	 174.437	 555.486	58.681	     0.000	    39.121	  4071.554	     0.000	     0.000	     0.000	     0.947
353.00	  984.587	-5651.046	 3166.580	 174.055	 561.806	58.283	     0.000	    39.121	  4071.554	     0.000	     0.000	     0.000	     0.948
354.00	  984.256	-5650.892	 3166.148	 173.664	 568.208	57.886	     0.000	    39.121	  4071.554	     0.000	     0.000	     0.000	     0.948
355.00	  983.923	-5650.730	 3165.711	 173.264	 574.688	57.489	     0.000	    39.121	  4071.554	     0.000	     0.000	     0.000	     0.948
356.00	  983.589	-5650.560	 3165.270	 172.855	 581.245	57.091	     0.000	    39.121	  4071.554	     0.000	     0.000	     0.000	     0.948
357.00	  983.254	-5650.383	 3164.825	 172.437	 587.875	56.694	     0.000	    39.121	  4071.554	     0.000	     0.000	     0.000	     0.948
358.00	  982.917	-5650.197	 3164.375	 172.009	 594.577	56.296	     0.000	    39.121	  4071.554	     0.000	     0.000	     0.000	     0.948
359.00	  982.579	-5650.003	 3163.920	 171.572	 601.348	55.899	     0.000	    39.121	  4071.554	     0.000	     0.000	     0.000	     0.948
360.00	  982.240	-5649.801	 3163.462	 171.125	 608.185	55.501	     0.000	    39.121	  4071.554	     0.000	     0.000	     0.000	     0.948
361.00	  981.899	-5649.591	 3162.998	 170.670	 615.088	55.104	     0.000	    39.121	  4071.554	     0.000	     0.000	     0.000	     0.949
362.00	  981.557	-5649.373	 3162.530	 170.205	 622.053	54.706	     0.000	    39.121	  4071.554	     0.000	     0.000	     0.000	     0.949
363.00	  981.214	-5649.146	 3162.058	 169.731	 629.079	54.309	     0.000	    39.121	  4071.554	     0.000	     0.000	     0.000	     0.949
364.00	  980.869	-5648.912	 3161.581	 169.247	 636.163	53.911	     0.000	    39.121	  4071.554	     0.000	     0.000	     0.000	     0.949
365.00	  980.523	-5648.670	 3161.100	 168.754	 643.304	53.514	     0.000	    39.121	  4071.554	     0.000	     0.000	     0.000	     0.949
366.00	  980.176	-5648.420	 3160.614	 168.252	 650.500	53.116	     0.000	    39.121	  4071.554	     0.000	     0.000	     0.000	     0.949
367.00	  979.827	-5648.162	 3160.123	 167.741	 657.750	52.718	     0.000	    39.121	  4071.554	     0.000	     0.000	     0.000	     0.949
368.00	  979.477	-5647.895	 3159.628	 167.220	 665.051	52.321	     0.000	    39.121	  4071.554	     0.000	     0.000	     0.000	     0.950
369.00	  979.125	-5647.621	 3159.129	 166.690	 672.402	51.923	     0.000	    39.121	  4071.554	     0.000	     0.000	     0.000	     0.950
370.00	  978.772	-5647.339	 3158.625	 166.151	 679.801	51.525	     0.000	    39.121	  4071.554	     0.000	     0.000	     0.000	     0.950
371.00	  978.418	-5647.048	 3158.117	 165.603	 687.248	51.128	     0.000	    39.121	  4071.554	     0.000	     0.000	     0.000	     0.950
372.00	  978.063	-5646.750	 3157.604	 165.045	 694.740	50.730	     0.000	    39.121	  4071.554	     0.000	     0.000	     0.000	     0.950
373.00	  977.706	-5646.443	 3157.087	 164.478	 702.277	50.332	     0.000	    39.121	  4071.554	     0.000	     0.000	     0.000	     0.950
374.00	  977.347	-5646.128	 3156.565	 163.902	 709.856	49.935	     0.000	    39.121	  4071.554	     0.000	     0.000	     0.000	     0.951
375.00	  976.988	-5645.806	 3156.039	 163.316	 717.477	49.537	     0.000	    39.121	  4071.554	     0.000	     0.000	     0.000	     0.951
376.00	  976.627	-5645.475	 3155.508	 162.721	 725.139	49.139	     0.000	    39.121	  4071.554	     0.000	     0.000	     0.000	     0.951
377.00	  976.265	-5645.136	 3154.973	 162.117	 732.839	48.741	     0.000	    39.121	  4071.554	     0.000	     0.000	     0.000	     0.951
378.00	  975.901	-5644.789	 3154.433	 161.503	 740.578	48.343	     0.000	    39.121	  4071.554	     0.000	     0.000	     0.000	     0.951
379.00	  975.536	-5644.434	 3153.889	 160.880	 748.353	47.946	     0.000	    39.121	  4071.554	     0.000	     0.000	     0.000	     0.951
380.00	  975.170	-5644.071	 3153.340	 160.248	 756.165	47.548	     0.000	    39.121	  4071.554	     0.000	     0.000	     0.000	     0.952
381.00	  974.802	-5643.700	 3152.787	 159.606	 764.012	47.150	     0.000	    39.121	  4071.554	     0.000	     0.000	     0.000	     0.952
382.00	  974.434	-5643.321	 3152.229	 158.956	 771.892	46.752	     0.000	    39.121	  4071.554	     0.000	     0.000	     0.000	     0.952
383.00	  974.063	-5642.934	 3151.667	 158.295	 779.805	46.354	     0.000	    39.121	  4071.554	     0.000	     0.000	     0.000	     0.952
384.00	  973.692	-5642.539	 3151.100	 157.626	 787.751	45.956	     0.000	    39.121	  4071.554	     0.000	     0.000	     0.000	     0.952
385.00	  973.319	-5642.135	 3150.529	 156.947	 795.728	45.558	     0.000	    39.121	  4071.554	     0.000	     0.000	     0.000	     0.953
386.00	  972.945	-5641.724	 3149.953	 156.259	 803.735	45.160	     0.000	    39.121	  4071.554	     0.000	     0.000	     0.000	     0.953
387.00	  972.569	-5641.304	 3149.373	 155.562	 811.771	44.762	     0.000	    39.121	  4071.554	     0.000	     0.000	     0.000	     0.953
388.00	  972.192	-5640.876	 3148.788	 154.855	 819.837	44.364	     0.000	    39.121	  4071.554	     0.000	     0.000	     0.000	     0.953
389.00	  971.814	-5640.441	 3148.199	 154.139	 827.930	43.966	     0.000	    39.121	  4071.554	     0.000	     0.000	     0.000	     0.953
390.00	  971.434	-5639.997	 3147.605	 153.414	 836.051	43.568	     0.000	    39.121	  4071.554	     0.000	     0.000	     0.000	     0.954
391.00	  971.054	-5639.545	 3147.007	 152.679	 844.199	43.170	     0.000	    39.121	  4071.554	     0.000	     0.000	     0.000	     0.954
392.00	  970.672	-5639.085	 3146.404	 151.935	 852.372	42.772	     0.000	    39.121	  4071.554	     0.000	     0.000	     0.000	     0.954
393.00	  970.288	-5638.617	 3145.797	 151.182	 860.571	42.374	     0.000	    39.121	  4071.554	     0.000	     0.000	     0.000	     0.954
394.00	  969.903	-5638.141	 3145.185	 150.419	 868.794	41.976	     0.000	    39.121	  4071.554	     0.000	     0.000	     0.000	     0.954
395.00	  969.517	-5637.656	 3144.568	 149.647	 877.042	41.578	     0.000	    39.121	  4071.554	     0.000	     0.000	     0.000	     0.955
396.00	  969.130	-5637.164	 3143.948	 148.865	 885.313	41.180	     0.000	    39.121	  4071.554	     0.000	     0.000	     0.000	     0.955
397.00	  968.741	-5636.663	 3143.322	 148.075	 893.607	40.781	     0.000	    39.121	  4071.554	     0.000	     0.000	     0.000	     0.955
398.00	  968.351	-5636.155	 3142.693	 147.275	 901.923	40.383	     0.000	    39.121	  4071.554	     0.000	     0.000	     0.000	     0.955
399.00	  967.960	-5635.638	 3142.058	 146.465	 910.262	39.985	     0.000	    39.121	  4071.554	     0.000	     0.000	     0.000	     0.956
400.00	  967.567	-5635.113	 3141.420	 145.646	 918.621	39.587	     0.000	    39.121	  4071.554	     0.000	     0.000	     0.000	     0.956
401.00	  967.173	-5634.580	 3140.776	 144.818	 927.002	39.189	     0.000	    39.121	  4071.554	     0.000	     0.000	     0.000	     0.956
402.00	  966.778	-5634.039	 3140.128	 143.981	 935.403	38.790	     0.000	    39.121	  4071.554	     0.000	     0.000	     0.000	     0.956
403.00	  966.381	-5633.490	 3139.476	 143.134	 943.824	38.392	     0.000	    39.121	  4071.554	     0.000	     0.000	     0.000	     0.957
404.00	  965.983	-5632.933	 3138.819	 142.278	 952.264	37.994	     0.000	    39.121	  4071.554	     0.000	     0.000	     0.000	     0.957
405.00	  965.584	-5632.367	 3138.158	 141.412	 960.724	37.596	     0.000	    39.121	  4071.554	     0.000	     0.000	     0.000	     0.957
406.00	  965.184	-5631.793	 3137.492	 140.537	 969.202	37.197	     0.000	    39.121	  4071.554	     0.000	     0.000	     0.000	     0.957
407.00	  964.782	-5631.212	 3136.822	 139.653	 977.699	36.799	     0.000	    39.121	  4071.554	     0.000	     0.000	     0.000	     0.958
408.00	  964.379	-5630.622	 3136.147	 138.760	 986.214	36.401	     0.000	    39.121	  4071.554	     0.000	     0.000	     0.000	     0.958
409.00	  963.975	-5630.024	 3135.467	 137.857	 994.746	36.002	     0.000	    39.121	  4071.554	     0.000	     0.000	     0.000	     0.958
410.00	  963.569	-5629.418	 3134.783	 136.944	1003.296	35.604	     0.000	    39.121	  4071.554	     0.000	     0.000	     0.000	     0.958
411.00	  963.162	-5628.803	 3134.095	 136.022	1011.862	35.206	     0.000	    39.121	  4071.554	     0.000	     0.000	     0.000	     0.959
412.00	  962.754	-5628.181	 3133.402	 135.091	1020.445	34.807	     0.000	    39.121	  4071.554	     0.000	     0.000	     0.000	     0.959
413.00	  962.344	-5627.550	 3132.704	 134.151	1029.045	34.409	     0.000	    39.121	  4071.554	     0.000	     0.000	     0.000	     0.959
414.00	  961.933	-5626.912	 3132.002	 133.201	1037.660	34.011	     0.000	    39.121	  4071.554	     0.000	     0.000	     0.000	     0.959
415.00	  961.521	-5626.265	 3131.296	 132.242	1046.291	33.612	     0.000	    39.121	  4071.554	     0.000	     0.000	     0.000	     0.960
416.00	  961.108	-5625.610	 3130.585	 131.273	1054.938	33.214	     0.000	    39.121	  4071.554	     0.000	     0.000	     0.000	     0.960
417.00	  960.693	-5624.947	 3129.869	 130.295	1063.599	32.816	     0.000	    39.121	  4071.554	     0.000	     0.000	     0.000	     0.960
418.00	  960.277	-5624.275	 3129.149	 129.307	1072.275	32.417	     0.000	    39.121	  4071.554	     0.000	     0.000	     0.000	     0.961
419.00	  959.860	-5623.596	 3128.424	 128.311	1080.966	32.019	     0.000	    39.121	  4071.554	     0.000	     0.000	     0.000	     0.961
420.00	  959.441	-5622.908	 3127.695	 127.304	1089.671	31.620	     0.000	    39.121	  4071.554	     0.000	     0.000	     0.000	     0.961
421.00	  959.021	-5622.212	 3126.961	 126.289	1098.391	31.222	     0.000	    39.121	  4071.554	     0.000	     0.000	     0.000	     0.962
422.00	  958.600	-5621.508	 3126.223	 125.264	1107.124	30.824	     0.000	    39.121	  4071.554	     0.000	     0.000	     0.000	     0.962
423.00	  958.178	-5620.796	 3125.480	 124.229	1115.871	30.425	     0.000	    39.121	  4071.554	     0.000	     0.000	     0.000	     0.962
424.00	  957.754	-5620.075	 3124.733	 123.185	1124.631	30.027	     0.000	    39.121	  4071.554	     0.000	     0.000	     0.000	     0.962
425.00	  957.329	-5619.347	 3123.981	 122.132	1133.405	29.628	     0.000	    39.121	  4071.554	     0.000	     0.000	     0.000	     0.963
426.00	  956.903	-5618.610	 3123.225	 121.069	1142.191	29.230	     0.000	    39.121	  4071.554	     0.000	     0.000	     0.000	     0.963
427.00	  956.475	-5617.865	 3122.464	 119.997	1150.990	28.832	     0.000	    39.121	  4071.554	     0.000	     0.000	     0.000	     0.963
428.00	  956.047	-5617.112	 3121.699	 118.915	1159.802	28.433	     0.000	    39.121	  4071.554	     0.000	     0.000	     0.000	     0.964
429.00	  955.617	-5616.351	 3120.929	 117.824	1168.627	28.035	     0.000	    39.121	  4071.554	     0.000	     0.000	     0.000	     0.964
430.00	  955.185	-5615.581	 3120.154	 116.724	1177.464	27.637	     0.000	    39.121	  4071.554	     0.000	     0.000	     0.000	     0.964
431.00	  954.753	-5614.803	 3119.375	 115.614	1186.312	27.238	     0.000	    39.121	  4071.554	     0.000	     0.000	     0.000	     0.965
432.00	  954.319	-5614.017	 3118.592	 114.495	1195.173	26.840	     0.000	    39.121	  4071.554	     0.000	     0.000	     0.000	     0.965
433.00	  953.884	-5613.223	 3117.804	 113.366	1204.045	26.442	     0.000	    39.121	  4071.554	     0.000	     0.000	     0.000	     0.965
434.00	  953.447	-5612.421	 3117.011	 112.228	1212.930	26.044	     0.000	    39.121	  4071.554	     0.000	     0.000	     0.000	     0.966
435.00	  953.010	-5611.610	 3116.214	 111.080	1221.825	25.645	     0.000	    39.121	  4071.554	     0.000	     0.000	     0.000	     0.966
436.00	  952.571	-5610.791	 3115.412	 109.923	1230.732	25.247	     0.000	    39.121	  4071.554	     0.000	     0.000	     0.000	     0.966
437.00	  952.130	-5609.964	 3114.606	 108.757	1239.650	24.849	     0.000	    39.121	  4071.554	     0.000	     0.000	     0.000	     0.967
438.00	  951.689	-5609.129	 3113.795	 107.581	1248.579	24.451	     0.000	    39.121	  4071.554	     0.000	     0.000	     0.000	     0.967
439.00	  951.246	-5608.286	 3112.979	 106.395	1257.519	24.053	     0.000	    39.121	  4071.554	     0.000	     0.000	     0.000	     0.967
440.00	  950.802	-5607.434	 3112.159	 105.200	1266.470	23.655	     0.000	    39.121	  4071.554	     0.000	     0.000	     0.000	     0.968
441.00	  950.357	-5606.574	 3111.335	 103.996	1275.432	23.257	     0.000	    39.121	  4071.554	     0.000	     0.000	     0.000	     0.968
442.00	  949.910	-5605.706	 3110.506	 102.782	1284.404	22.859	     0.000	    39.121	  4071.554	     0.000	     0.000	     0.000	     0.968
443.00	  949.462	-5604.829	 3109.672	 101.559	1293.386	22.461	     0.000	    39.121	  4071.554	     0.000	     0.000	     0.000	     0.969
444.00	  949.013	-5603.945	 3108.834	 100.326	1302.379	22.064	     0.000	    39.121	  4071.554	     0.000	     0.000	     0.000	     0.969
445.00	  948.563	-5603.052	 3107.991	  99.084	1311.382	21.666	     0.000	    39.121	  4071.554	     0.000	     0.000	     0.000	     0.970
446.00	  948.112	-5602.150	 3107.144	  97.832	1320.395	21.269	     0.000	    39.121	  4071.554	     0.000	     0.000	     0.000	     0.970
447.00	  947.659	-5601.241	 3106.292	  96.571	1329.418	20.871	     0.000	    39.121	  4071.554	     0.000	     0.000	     0.000	     0.970
448.00	  947.205	-5600.323	 3105.436	  95.300	1338.452	20.474	     0.000	    39.121	  4071.554	     0.000	     0.000	     0.000	     0.971
449.00	  946.749	-5599.397	 3104.575	  94.020	1347.494	20.076	     0.000	    39.121	  4071.554	     0.000	     0.000	     0.000	     0.971
450.00	  946.293	-5598.463	 3103.709	  92.730	1356.547	19.679	     0.000	    39.121	  4071.554	     0.000	     0.000	     0.000	     0.972
451.00	  945.835	-5597.521	 3102.839	  91.431	1365.610	19.282	     0.000	    39.121	  4071.554	     0.000	     0.000	     0.000	     0.972
452.00	  945.376	-5596.570	 3101.965	  90.122	1374.682	18.885	     0.000	    39.121	  4071.554	     0.000	     0.000	     0.000	     0.972
453.00	  944.916	-5595.611	 3101.085	  88.804	1383.763	18.489	     0.000	    39.121	  4071.554	     0.000	     0.000	     0.000	     0.973
454.00	  944.454	-5594.643	 3100.202	  87.476	1392.854	18.092	     0.000	    39.121	  4071.554	     0.000	     0.000	     0.000	     0.973
455.00	  943.991	-5593.668	 3099.313	  86.139	1401.954	17.696	     0.000	    39.121	  4071.554	     0.000	     0.000	     0.000	     0.973
456.00	  943.527	-5592.684	 3098.420	  84.792	1411.064	17.300	     0.000	    39.121	  4071.554	     0.000	     0.000	     0.000	     0.974
457.00	  943.062	-5591.692	 3097.523	  83.435	1420.182	16.904	     0.000	    39.121	  4071.554	     0.000	     0.000	     0.000	     0.974
458.00	  942.595	-5590.691	 3096.621	  82.069	1429.310	16.508	     0.000	    39.121	  4071.554	     0.000	     0.000	     0.000	     0.975
459.00	  942.127	-5589.682	 3095.714	  80.694	1438.447	16.112	     0.000	    39.121	  4071.554	     0.000	     0.000	     0.000	     0.975
460.00	  941.658	-5588.665	 3094.803	  79.309	1447.593	15.717	     0.000	    39.121	  4071.554	     0.000	     0.000	     0.000	     0.976
461.00	  941.188	-5587.640	 3093.887	  77.915	1456.748	15.322	     0.000	    39.121	  4071.554	     0.000	     0.000	     0.000	     0.976
462.00	  940.717	-5586.606	 3092.967	  76.510	1465.911	14.928	     0.000	    39.121	  4071.554	     0.000	     0.000	     0.000	     0.976
463.00	  940.244	-5585.564	 3092.042	  75.097	1475.084	14.534	     0.000	    39.121	  4071.554	     0.000	     0.000	     0.000	     0.977
464.00	  939.770	-5584.513	 3091.112	  73.674	1484.265	14.140	     0.000	    39.121	  4071.554	     0.000	     0.000	     0.000	     0.977
465.00	  939.295	-5583.455	 3090.178	  72.241	1493.455	13.746	     0.000	    39.121	  4071.554	     0.000	     0.000	     0.000	     0.978
466.00	  938.818	-5582.387	 3089.239	  70.799	1502.654	13.354	     0.000	    39.121	  4071.554	     0.000	     0.000	     0.000	     0.978
467.00	  938.340	-5581.312	 3088.296	  69.347	1511.862	12.961	     0.000	    39.121	  4071.554	     0.000	     0.000	     0.000	     0.979
468.00	  937.862	-5580.228	 3087.348	  67.885	1521.078	12.570	     0.000	    39.121	  4071.554	     0.000	     0.000	     0.000	     0.979
469.00	  937.381	-5579.136	 3086.395	  66.414	1530.302	12.178	     0.000	    39.121	  4071.554	     0.000	     0.000	     0.000	     0.979
470.00	  936.900	-5578.036	 3085.438	  64.934	1539.535	11.788	     0.000	    39.121	  4071.554	     0.000	     0.000	     0.000	     0.980
471.00	  936.417	-5576.927	 3084.476	  63.444	1548.777	11.399	     0.000	    39.121	  4071.554	     0.000	     0.000	     0.000	     0.980
472.00	  935.933	-5575.810	 3083.510	  61.944	1558.027	11.010	     0.000	    39.121	  4071.554	     0.000	     0.000	     0.000	     0.981
473.00	  935.448	-5574.684	 3082.539	  60.434	1567.285	10.622	     0.000	    39.121	  4071.554	     0.000	     0.000	     0.000	     0.981
474.00	  934.962	-5573.550	 3081.564	  58.915	1576.552	10.236	     0.000	    39.121	  4071.554	     0.000	     0.000	     0.000	     0.982
475.00	  934.475	-5572.408	 3080.584	  57.387	1585.827	9.850	     0.000	    39.121	  4071.554	     0.000	     0.000	     0.000	     0.982
476.00	  933.986	-5571.258	 3079.599	  55.849	1595.110	9.467	     0.000	    39.121	  4071.554	     0.000	     0.000	     0.000	     0.983
477.00	  933.496	-5570.099	 3078.609	  54.301	1604.402	9.084	     0.000	    39.121	  4071.554	     0.000	     0.000	     0.000	     0.983
478.00	  933.005	-5568.931	 3077.615	  52.743	1613.701	8.704	     0.000	    39.121	  4071.554	     0.000	     0.000	     0.000	     0.984
479.00	  932.512	-5567.755	 3076.617	  51.176	1623.009	8.326	     0.000	    39.121	  4071.554	     0.000	     0.000	     0.000	     0.984
480.00	  932.019	-5566.571	 3075.614	  49.600	1632.325	7.950	     0.000	    39.121	  4071.554	     0.000	     0.000	     0.000	     0.985
481.00	  931.530	-5565.395	 3074.619	  48.033	1604.882	7.581	     0.000	    38.309	  4108.300	     0.000	     0.000	     1.000	     2.829
482.00	  931.052	-5564.237	 3073.643	  46.493	1576.998	7.224	     0.000	    37.496	  4145.494	     0.000	     0.000	     1.000	     2.875
483.00	  930.584	-5563.098	 3072.686	  44.979	1548.661	6.879	     0.000	    36.684	  4183.148	     0.000	     0.000	     1.000	     2.921
484.00	  930.126	-5561.978	 3071.747	  43.492	1519.861	6.545	     0.000	    35.872	  4221.273	     0.000	     0.000	     1.000	     2.969
485.00	  929.678	-5560.878	 3070.827	  42.033	1490.585	6.224	     0.000	    35.059	  4259.881	     0.000	     0.000	     1.000	     3.017
486.00	  929.240	-5559.798	 3069.926	  40.602	1460.821	5.916	     0.000	    34.247	  4298.984	     0.000	     0.000	     1.000	     3.068
487.00	  928.813	-5558.739	 3069.044	  39.200	1430.556	5.621	     0.000	    33.435	  4338.596	     0.000	     0.000	     1.000	     3.119
488.00	  928.397	-5557.701	 3068.183	  37.826	1399.776	5.340	     0.000	    32.623	  4378.729	     0.000	     0.000	     1.000	     3.172
489.00	  927.991	-5556.684	 3067.341	  36.483	1368.467	5.073	     0.000	    31.810	  4419.398	     0.000	     0.000	     1.000	     3.226
490.00	  927.596	-5555.688	 3066.520	  35.169	1336.616	4.821	     0.000	    30.998	  4460.618	     0.000	     0.000	     1.000	     3.282
491.00	  927.212	-5554.715	 3065.719	  33.886	1304.206	4.583	     0.000	    30.186	  4502.403	     0.000	     0.000	     1.000	     3.340
492.00	  926.839	-5553.765	 3064.940	  32.635	1271.221	4.362	     0.000	    29.374	  4544.768	     0.000	     0.000	     1.000	     3.399
493.00	  926.477	-5552.838	 3064.181	  31.415	1237.647	4.156	     0.000	    28.561	  4587.731	     0.000	     0.000	     1.000	     3.460
494.00	  926.126	-5551.935	 3063.445	  30.228	1203.464	3.967	     0.000	    27.749	  4631.309	     0.000	     0.000	     1.000	     3.522
495.00	  925.787	-5551.056	 3062.730	  29.074	1168.656	3.795	     0.000	    26.937	  4675.519	     0.000	     0.000	     1.000	     3.587
496.00	  925.459	-5550.202	 3062.038	  27.954	1133.203	3.640	     0.000	    26.124	  4720.379	     0.000	     0.000	     1.000	     3.653
497.00	  925.143	-5549.373	 3061.368	  26.869	1097.087	3.502	     0.000	    25.312	  4765.910	     0.000	     0.000	     1.000	     3.722
498.00	  924.839	-5548.570	 3060.721	  25.818	1060.286	3.382	     0.000	    24.500	  4812.132	     0.000	     0.000	     1.000	     3.792
499.00	  924.546	-5547.793	 3060.098	  24.803	1022.675	3.278	    20.852	    23.688	  4859.044	     0.000	     0.000	     1.000	     3.971
500.00	  924.266	-5547.044	 3059.499	  23.826	 983.301	3.191	    22.670	    22.875	  4906.587	     0.000	     0.000	     1.000	     4.064
501.00	  923.998	-5546.324	 3058.925	  22.887	 942.994	3.120	    24.366	    22.063	  4954.867	     0.000	     0.000	     1.000	     4.161
502.00	  923.743	-5545.633	 3058.376	  21.987	 901.721	3.064	    25.873	    21.251	  5003.902	     0.000	     0.000	     1.000	     4.261
503.00	  923.501	-5544.972	 3057.854	  21.128	 859.452	3.021	    27.117	    20.438	  5053.717	     0.000	     0.000	     1.000	     4.363
504.00	  923.272	-5544.343	 3057.358	  20.310	 816.165	2.991	    28.026	    19.626	  5104.335	     0.000	     0.000	     1.000	     4.468
505.00	  923.057	-5543.745	 3056.889	  19.535	 771.847	2.972	    28.441	    18.814	  5155.780	     0.000	     0.000	     1.000	     4.573
506.00	  922.854	-5543.180	 3056.448	  18.803	 726.504	2.961	    28.312	    18.002	  5208.080	     0.000	     0.000	     1.000	     4.677
507.00	  922.666	-5542.649	 3056.035	  18.116	 680.144	2.959	    27.692	    17.189	  5261.261	     0.000	     0.000	     1.000	     4.780
508.00	  922.491	-5542.153	 3055.650	  17.475	 632.784	2.962	    26.564	    16.377	  5315.355	     0.000	     0.000	     1.000	     4.881
509.00	  922.331	-5541.691	 3055.295	  16.880	 584.447	2.970	    24.937	    15.565	  5370.393	     0.000	     0.000	     1.000	     4.979
510.00	  922.185	-5541.266	 3054.969	  16.333	 535.165	2.981	    22.844	    14.752	  5426.410	     0.000	     0.000	     1.000	     5.074
511.00	  922.052	-5540.879	 3054.674	  15.834	 484.975	2.994	    20.350	    13.940	  5483.443	     0.000	     0.000	     1.000	     5.164
512.00	  921.935	-5540.529	 3054.409	  15.384	 433.911	3.008	    17.544	    13.128	  5541.532	     0.000	     0.000	     1.000	     5.252
513.00	  921.831	-5540.217	 3054.175	  14.986	 382.047	3.022	    14.543	    12.316	  5600.720	     0.000	     0.000	     1.000	     5.322
514.00	  921.742	-5539.945	 3053.972	  14.638	 329.592	3.035	    11.493	    11.503	  5661.054	     0.000	     0.000	     1.000	     5.383
515.00	  921.668	-5539.714	 3053.801	  14.342	 276.460	3.047	     8.534	    10.691	  5722.584	     0.000	     0.000	     1.000	     5.458
516.00	  921.608	-5539.523	 3053.661	  14.098	 222.507	3.057	     5.806	     9.879	  5785.366	     0.000	     0.000	     1.000	     5.549
517.00	  921.562	-5539.374	 3053.553	  13.908	 167.573	3.065	     3.453	     9.066	  5849.458	     0.000	     0.000	     1.000	     5.657
518.00	  921.530	-5539.268	 3053.478	  13.773	 111.484	3.070	     1.617	     8.254	  5914.923	     0.000	     0.000	     1.000	     5.783
519.00	  921.503	-5539.174	 3053.413	  13.657	 121.006	3.075	     1.729	     8.254	  5914.923	     0.000	     0.000	     0.000	     0.983
520.00	  921.475	-5539.072	 3053.343	  13.532	 130.520	3.079	     2.053	     8.254	  5914.923	     0.000	     0.000	     0.000	     0.981
521.00	  921.445	-5538.962	 3053.268	  13.397	 140.021	3.084	     2.416	     8.254	  5914.923	     0.000	     0.000	     0.000	     0.978
522.00	  921.415	-5538.843	 3053.189	  13.253	 149.506	3.088	     2.819	     8.254	  5914.923	     0.000	     0.000	     0.000	     0.975
523.00	  921.382	-5538.717	 3053.106	  13.099	 158.963	3.093	     3.267	     8.254	  5914.923	     0.000	     0.000	     0.000	     0.971
524.00	  921.349	-5538.582	 3053.017	  12.935	 168.381	3.098	     3.763	     8.254	  5914.923	     0.000	     0.000	     0.000	     0.966
525.00	  921.314	-5538.439	 3052.925	  12.762	 177.752	3.102	     4.311	     8.254	  5914.923	     0.000	     0.000	     0.000	     0.961
526.00	  921.278	-5538.287	 3052.828	  12.580	 187.068	3.107	     4.916	     8.254	  5914.923	     0.000	     0.000	     0.000	     0.954
527.00	  921.240	-5538.128	 3052.726	  12.389	 196.320	3.112	     5.582	     8.254	  5914.923	     0.000	     0.000	     0.000	     0.947
528.00	  921.201	-5537.961	 3052.620	  12.188	 205.498	3.117	     6.314	     8.254	  5914.923	     0.000	     0.000	     0.000	     0.939
529.00	  921.161	-5537.785	 3052.510	  11.978	 214.593	3.123	     7.118	     8.254	  5914.923	     0.000	     0.000	     0.000	     0.929
530.00	  921.120	-5537.602	 3052.396	  11.759	 223.592	3.128	     8.000	     8.254	  5914.923	     0.000	     0.000	     0.000	     0.919
531.00	  921.078	-5537.411	 3052.277	  11.531	 232.482	3.133	     8.967	     8.254	  5914.923	     0.000	     0.000	     0.000	     0.907
532.00	  921.034	-5537.212	 3052.154	  11.294	 241.252	3.139	    10.024	     8.254	  5914.923	     0.000	     0.000	     0.000	     0.894
533.00	  920.989	-5537.006	 3052.026	  11.049	 249.884	3.144	    11.180	     8.254	  5914.923	     0.000	     0.000	     0.000	     0.879
534.00	  920.943	-5536.792	 3051.895	  10.794	 258.366	3.150	    12.385	     8.254	  5914.923	     0.000	     0.000	     0.000	     0.863
535.00	  920.896	-5536.571	 3051.760	  10.532	 266.689	3.155	    13.646	     8.254	  5914.923	     0.000	     0.000	     0.000	     0.846
536.00	  920.848	-5536.343	 3051.621	  10.261	 274.837	3.161	    14.998	     8.254	  5914.923	     0.000	     0.000	     0.000	     0.828
537.00	  920.798	-5536.108	 3051.478	   9.982	 282.796	3.166	    16.446	     8.254	  5914.923	     0.000	     0.000	     0.000	     0.807
538.00	  920.748	-5535.866	 3051.331	   9.696	 290.549	3.172	    17.992	     8.254	  5914.923	     0.000	     0.000	     0.000	     0.786
539.00	  920.696	-5535.617	 3051.181	   9.401	 298.078	3.178	    19.637	     8.254	  5914.923	     0.000	     0.000	     0.000	     0.762
540.00	  920.644	-5535.362	 3051.028	   9.100	 305.367	3.184	    21.386	     8.254	  5914.923	     0.000	     0.000	     0.000	     0.737
541.00	  920.591	-5535.100	 3050.870	   8.791	 312.398	3.190	    23.237	     8.254	  5914.923	     0.000	     0.000	     0.000	     0.709
542.00	  920.537	-5534.833	 3050.710	   8.475	 319.154	3.195	    25.193	     8.254	  5914.923	     0.000	     0.000	     0.000	     0.681
543.00	  920.482	-5534.560	 3050.547	   8.152	 325.618	3.201	    27.251	     8.254	  5914.923	     0.000	     0.000	     0.000	     0.650
544.00	  920.426	-5534.281	 3050.381	   7.824	 331.773	3.207	    29.412	     8.254	  5914.923	     0.000	     0.000	     0.000	     0.618
545.00	  920.369	-5533.997	 3050.212	   7.489	 337.604	3.213	    31.673	     8.254	  5914.923	     0.000	     0.000	     0.000	     0.584
546.00	  920.312	-5533.708	 3050.040	   7.149	 343.094	3.219	    34.029	     8.254	  5914.923	     0.000	     0.000	     0.000	     0.548
547.00	  920.255	-5533.414	 3049.866	   6.803	 348.231	3.225	    36.477	     8.254	  5914.923	     0.000	     0.000	     0.000	     0.512
548.00	  920.196	-5533.116	 3049.690	   6.452	 353.002	3.231	    39.011	     8.254	  5914.923	     0.000	     0.000	     0.000	     0.474
549.00	  920.137	-5532.814	 3049.512	   6.097	 357.397	3.237	    41.624	     8.254	  5914.923	     0.000	     0.000	     0.000	     0.435
550.00	  920.078	-5532.508	 3049.331	   5.738	 361.407	3.243	    44.308	     8.254	  5914.923	     0.000	     0.000	     0.000	     0.396
551.00	  920.020	-5532.208	 3049.155	   5.384	 347.945	3.248	    43.127	     8.034	  5932.343	     0.000	     0.000	     0.813	     1.357
552.00	  919.965	-5531.919	 3048.985	   5.043	 334.795	3.254	    41.452	     7.814	  5949.827	     0.000	     0.000	     0.813	     1.326
553.00	  919.912	-5531.640	 3048.822	   4.716	 321.947	3.259	    39.727	     7.594	  5967.376	     0.000	     0.000	     0.813	     1.296
554.00	  919.861	-5531.372	 3048.665	   4.401	 309.391	3.264	    37.961	     7.374	  5984.992	     0.000	     0.000	     0.813	     1.266
555.00	  919.812	-5531.115	 3048.515	   4.098	 297.112	3.268	    36.164	     7.153	  6002.675	     0.000	     0.000	     0.813	     1.239
556.00	  919.765	-5530.868	 3048.370	   3.808	 285.098	3.272	    34.348	     6.933	  6020.426	     0.000	     0.000	     0.813	     1.212
557.00	  919.721	-5530.631	 3048.232	   3.530	 273.334	3.276	    32.519	     6.713	  6038.247	     0.000	     0.000	     0.813	     1.187
558.00	  919.678	-5530.403	 3048.100	   3.263	 261.806	3.280	    30.686	     6.493	  6056.140	     0.000	     0.000	     0.813	     1.164
559.00	  919.638	-5530.186	 3047.974	   3.007	 250.497	3.283	    28.856	     6.273	  6074.105	     0.000	     0.000	     0.813	     1.142
560.00	  919.600	-5529.977	 3047.853	   2.763	 239.392	3.287	    27.036	     6.053	  6092.145	     0.000	     0.000	     0.813	     1.122
561.00	  919.563	-5529.778	 3047.738	   2.530	 228.474	3.290	    25.232	     5.833	  6110.260	     0.000	     0.000	     0.813	     1.104
562.00	  919.528	-5529.588	 3047.629	   2.307	 217.729	3.292	    23.450	     5.612	  6128.454	     0.000	     0.000	     0.813	     1.087
563.00	  919.495	-5529.407	 3047.525	   2.095	 207.139	3.295	    21.695	     5.392	  6146.728	     0.000	     0.000	     0.813	     1.072
564.00	  919.464	-5529.235	 3047.426	   1.894	 196.688	3.297	    19.972	     5.172	  6165.083	     0.000	     0.000	     0.813	     1.058
565.00	  919.435	-5529.072	 3047.332	   1.703	 186.361	3.299	    18.287	     4.952	  6183.524	     0.000	     0.000	     0.813	     1.046
566.00	  919.407	-5528.917	 3047.244	   1.522	 176.141	3.301	    16.645	     4.732	  6202.050	     0.000	     0.000	     0.813	     1.036
567.00	  919.381	-5528.771	 3047.160	   1.352	 166.011	3.303	    15.049	     4.512	  6220.666	     0.000	     0.000	     0.813	     1.028
568.00	  919.356	-5528.634	 3047.082	   1.191	 155.919	3.304	    13.500	     4.291	  6239.374	     0.000	     0.000	     0.813	     1.027
569.00	  919.334	-5528.505	 3047.009	   1.041	 145.836	3.306	    11.999	     4.071	  6258.176	     0.000	     0.000	     0.813	     1.026
570.00	  919.313	-5528.385	 3046.940	   0.901	 135.760	3.307	    10.554	     3.851	  6277.076	     0.000	     0.000	     0.813	     1.026
571.00	  919.293	-5528.274	 3046.877	   0.771	 125.686	3.308	     9.174	     3.631	  6296.076	     0.000	     0.000	     0.813	     1.026
572.00	  919.275	-5528.171	 3046.819	   0.650	 115.609	3.309	     7.865	     3.411	  6315.180	     0.000	     0.000	     0.813	     1.026
573.00	  919.259	-5528.076	 3046.766	   0.540	 105.525	3.310	     6.636	     3.191	  6334.390	     0.000	     0.000	     0.813	     1.027
574.00	  919.244	-5527.991	 3046.717	   0.440	  95.425	3.311	     5.491	     2.971	  6353.711	     0.000	     0.000	     0.813	     1.029
575.00	  919.231	-5527.914	 3046.674	   0.350	  85.302	3.311	     4.438	     2.750	  6373.146	     0.000	     0.000	     0.813	     1.032
576.00	  919.219	-5527.845	 3046.636	   0.271	  75.147	3.312	     3.483	     2.530	  6392.699	     0.000	     0.000	     0.813	     1.036
577.00	  919.209	-5527.786	 3046.602	   0.201	  64.950	3.312	     2.631	     2.310	  6412.373	     0.000	     0.000	     0.813	     1.040
578.00	  919.200	-5527.735	 3046.574	   0.142	  54.699	3.312	     1.888	     2.090	  6432.173	     0.000	     0.000	     0.813	     1.047
579.00	  919.193	-5527.693	 3046.550	   0.093	  44.381	3.312	     1.260	     1.870	  6452.103	     0.000	     0.000	     0.813	     1.054
580.00	  919.188	-5527.660	 3046.532	   0.054	  33.983	3.313	     0.752	     1.650	  6472.166	     0.000	     0.000	     0.813	     1.063
581.00	  919.184	-5527.636	 3046.519	   0.026	  23.489	3.313	     0.370	     1.429	  6492.369	     0.000	     0.000	     0.813	     1.073
582.00	  919.181	-5527.621	 3046.511	   0.008	  12.884	3.313	     0.120	     1.209	  6512.714	     0.000	     0.000	     0.813	     1.085
583.00	  919.180	-5527.616	 3046.507	   0.001	   2.149	3.313	     0.006	     0.989	  6533.208	     0.000	     0.000	     0.813	     1.100
584.00	  919.180	-5527.615	 3046.507	   0.000	   0.475	3.313	     0.000	     0.769	  6553.854	     0.000	     0.000	     0.813	     1.115