139.10	  944.154	-5549.246	 3092.559	  44.398	1319.954	33.270	     0.000	    88.916	  2554.620	     0.000	     0.000	     1.000	     2.575
140.10	  944.898	-5549.464	 3093.645	  45.219	1344.205	34.314	     0.000	    86.801	  2584.796	     0.000	     0.000	     1.000	     2.609
141.10	  945.658	-5549.679	 3094.751	  46.049	1368.800	35.381	     0.000	    84.686	  2615.274	     0.000	     0.000	     1.000	     2.644
142.10	  946.433	-5549.890	 3095.878	  46.888	1393.746	36.471	     0.000	    82.571	  2646.060	     0.000	     0.000	     1.000	     2.679
143.10	  947.224	-5550.098	 3097.025	  47.736	1419.049	37.586	     0.000	    80.456	  2677.160	     0.000	     0.000	     1.000	     2.715
144.10	  948.032	-5550.303	 3098.193	  48.594	1444.713	38.726	     0.000	    78.341	  2708.581	     0.000	     0.000	     1.000	     2.751
145.10	  948.855	-5550.503	 3099.382	  49.462	1470.746	39.890	     0.000	    76.226	  2740.329	     0.000	     0.000	     1.000	     2.788
146.10	  949.696	-5550.700	 3100.592	  50.339	1497.153	41.079	     0.000	    74.112	  2772.412	     0.000	     0.000	     1.000	     2.826
147.10	  950.553	-5550.893	 3101.824	  51.226	1523.942	42.294	     0.000	    71.997	  2804.836	     0.000	     0.000	     1.000	     2.865
148.10	  951.427	-5551.081	 3103.078	  52.122	1551.120	43.534	     0.000	    69.882	  2837.609	     0.000	     0.000	     1.000	     2.904
149.10	  952.319	-5551.266	 3104.354	  53.029	1578.693	44.801	     0.000	    67.767	  2870.738	     0.000	     0.000	     1.000	     2.944
150.10	  953.228	-5551.446	 3105.653	  53.945	1606.668	46.094	     0.000	    65.652	  2904.231	     0.000	     0.000	     1.000	     2.984
151.10	  954.155	-5551.621	 3106.974	  54.872	1635.055	47.415	     0.000	    63.537	  2938.097	     0.000	     0.000	     1.000	     3.025
152.10	  955.100	-5551.792	 3108.319	  55.809	1663.859	48.762	     0.000	    61.422	  2972.343	     0.000	     0.000	     1.000	     3.068
153.10	  956.063	-5551.959	 3109.687	  56.756	1693.090	50.138	     0.000	    59.307	  3006.978	     0.000	     0.000	     1.000	     3.111
154.10	  957.045	-5552.121	 3111.079	  57.714	1722.756	51.541	     0.000	    57.192	  3042.012	     0.000	     0.000	     1.000	     3.154
155.10	  958.045	-5552.278	 3112.494	  58.682	1752.866	52.973	     0.000	    55.078	  3077.453	     0.000	     0.000	     1.000	     3.199
156.10	  959.065	-5552.430	 3113.935	  59.661	1783.429	54.433	     0.000	    52.963	  3113.311	     0.000	     0.000	     1.000	     3.245
157.10	  960.104	-5552.576	 3115.400	  60.651	1814.454	55.923	     0.000	    50.848	  3149.596	     0.000	     0.000	     1.000	     3.291
158.10	  961.163	-5552.718	 3116.890	  61.651	1845.952	57.443	     0.000	    48.733	  3186.319	     0.000	     0.000	     1.000	     3.339
159.10	  962.241	-5552.854	 3118.404	  62.663	1874.192	58.993	     0.000	    46.830	  3219.752	     0.000	     0.000	     0.000	     0.981
160.10	  963.325	-5552.984	 3119.924	  63.672	1869.012	60.553	     0.000	    46.830	  3219.752	     0.000	     0.000	     0.000	     0.980
161.10	  964.407	-5553.104	 3121.439	  64.673	1863.137	62.112	     0.000	    46.830	  3219.752	     0.000	     0.000	     0.000	     2.373
162.10	  965.487	-5553.216	 3122.949	  65.663	1858.030	63.671	     0.000	    46.830	  3219.752	     0.000	     0.000	     0.000	     0.980
163.10	  966.566	-5553.320	 3124.455	  66.644	1852.958	65.230	     0.000	    46.830	  3219.752	     0.000	     0.000	     0.000	     0.979
164.10	  967.644	-5553.415	 3125.955	  67.616	1847.919	66.788	     0.000	    46.830	  3219.752	     0.000	     0.000	     0.000	     0.979
165.10	  968.720	-5553.503	 3127.451	  68.579	1842.916	68.345	     0.000	    46.830	  3219.752	     0.000	     0.000	     0.000	     0.979
166.10	  969.795	-5553.582	 3128.942	  69.533	1837.948	69.902	     0.000	    46.830	  3219.752	     0.000	     0.000	     0.000	     0.979
167.10	  970.868	-5553.653	 3130.429	  70.478	1833.014	71.458	     0.000	    46.830	  3219.752	     0.000	     0.000	     0.000	     0.978
168.10	  971.940	-5553.717	 3131.911	  71.414	1828.117	73.013	     0.000	    46.830	  3219.752	     0.000	     0.000	     0.000	     0.978
169.10	  973.011	-5553.772	 3133.388	  72.341	1823.254	74.569	     0.000	    46.830	  3219.752	     0.000	     0.000	     0.000	     0.978
170.10	  974.080	-5553.819	 3134.861	  73.259	1818.428	76.123	     0.000	    46.830	  3219.752	     0.000	     0.000	     0.000	     0.977
171.10	  975.147	-5553.858	 3136.329	  74.168	1813.638	77.677	     0.000	    46.830	  3219.752	     0.000	     0.000	     0.000	     0.977
172.10	  976.213	-5553.889	 3137.792	  75.067	1808.884	79.231	     0.000	    46.830	  3219.752	     0.000	     0.000	     0.000	     0.977
173.10	  977.278	-5553.912	 3139.251	  75.958	1804.166	80.784	     0.000	    46.830	  3219.752	     0.000	     0.000	     0.000	     0.977
174.10	  978.341	-5553.927	 3140.705	  76.840	1799.486	82.336	     0.000	    46.830	  3219.752	     0.000	     0.000	     0.000	     0.976
175.10	  979.403	-5553.934	 3142.155	  77.713	1794.842	83.888	     0.000	    46.830	  3219.752	     0.000	     0.000	     0.000	     0.976
176.10	  980.463	-5553.933	 3143.599	  78.576	1790.236	85.440	     0.000	    46.830	  3219.752	     0.000	     0.000	     0.000	     0.976
177.10	  981.522	-5553.923	 3145.039	  79.431	1785.667	86.991	     0.000	    46.830	  3219.752	     0.000	     0.000	     0.000	     0.976
178.10	  982.579	-5553.906	 3146.475	  80.276	1781.136	88.541	     0.000	    46.830	  3219.752	     0.000	     0.000	     0.000	     0.975
179.10	  983.635	-5553.881	 3147.906	  81.113	1776.643	90.091	     0.000	    46.830	  3219.752	     0.000	     0.000	     0.000	     0.975
180.10	  984.690	-5553.847	 3149.332	  81.941	1772.188	91.641	     0.000	    46.830	  3219.752	     0.000	     0.000	     0.000	     0.975
181.10	  985.743	-5553.806	 3150.753	  82.759	1767.772	93.190	     0.000	    46.830	  3219.752	     0.000	     0.000	     0.000	     0.975
182.10	  986.794	-5553.757	 3152.170	  83.569	1763.394	94.738	     0.000	    46.830	  3219.752	     0.000	     0.000	     0.000	     0.974
183.10	  987.845	-5553.699	 3153.582	  84.369	1759.055	96.286	     0.000	    46.830	  3219.752	     0.000	     0.000	     0.000	     0.974
184.10	  988.893	-5553.634	 3154.990	  85.161	1754.756	97.834	     0.000	    46.830	  3219.752	     0.000	     0.000	     0.000	     0.974
185.10	  989.941	-5553.560	 3156.393	  85.944	1750.496	99.381	     0.000	    46.830	  3219.752	     0.000	     0.000	     0.000	     0.974
186.10	  990.986	-5553.479	 3157.791	  86.717	1746.275	100.928	     0.000	    46.830	  3219.752	     0.000	     0.000	     0.000	     0.973
187.10	  992.031	-5553.390	 3159.184	  87.482	1742.095	102.474	     0.000	    46.830	  3219.752	     0.000	     0.000	     0.000	     0.973
188.10	  993.074	-5553.292	 3160.573	  88.237	1737.954	104.020	     0.000	    46.830	  3219.752	     0.000	     0.000	     0.000	     0.973
189.10	  994.115	-5553.187	 3161.957	  88.984	1733.854	105.566	     0.000	    46.830	  3219.752	     0.000	     0.000	     0.000	     0.973
190.10	  995.155	-5553.073	 3163.337	  89.721	1729.794	107.111	     0.000	    46.830	  3219.752	     0.000	     0.000	     0.000	     0.972
191.10	  996.194	-5552.952	 3164.712	  90.450	1725.776	108.655	     0.000	    46.830	  3219.752	     0.000	     0.000	     0.000	     0.972
192.10	  997.231	-5552.822	 3166.082	  91.170	1721.798	110.200	     0.000	    46.830	  3219.752	     0.000	     0.000	     0.000	     0.972
193.10	  998.267	-5552.685	 3167.448	  91.880	1717.862	111.743	     0.000	    46.830	  3219.752	     0.000	     0.000	     0.000	     0.972
194.10	  999.301	-5552.539	 3168.809	  92.582	1713.968	113.287	     0.000	    46.830	  3219.752	     0.000	     0.000	     0.000	     0.972
195.10	 1000.334	-5552.386	 3170.165	  93.275	1710.115	114.830	     0.000	    46.830	  3219.752	     0.000	     0.000	     0.000	     0.971
196.10	 1001.365	-5552.224	 3171.516	  93.958	1706.304	116.372	     0.000	    46.830	  3219.752	     0.000	     0.000	     0.000	     0.971
197.10	 1002.395	-5552.055	 3172.863	  94.633	1702.536	117.915	     0.000	    46.830	  3219.752	     0.000	     0.000	     0.000	     0.971
198.10	 1003.424	-5551.878	 3174.206	  95.299	1698.810	119.456	     0.000	    46.830	  3219.752	     0.000	     0.000	     0.000	     0.971
199.10	 1004.451	-5551.692	 3175.543	  95.955	1695.127	120.998	     0.000	    46.830	  3219.752	     0.000	     0.000	     0.000	     0.971
200.10	 1005.477	-5551.499	 3176.876	  96.603	1691.487	122.539	     0.000	    46.830	  3219.752	     0.000	     0.000	     0.000	     0.970
201.10	 1006.501	-5551.298	 3178.204	  97.242	1687.890	124.079	     0.000	    46.830	  3219.752	     0.000	     0.000	     0.000	     0.970
202.10	 1007.524	-5551.088	 3179.528	  97.872	1684.337	125.620	     0.000	    46.830	  3219.752	     0.000	     0.000	     0.000	     0.970
203.10	 1008.545	-5550.871	 3180.847	  98.493	1680.827	127.160	     0.000	    46.830	  3219.752	     0.000	     0.000	     0.000	     0.970
204.10	 1009.565	-5550.646	 3182.161	  99.105	1677.362	128.699	     0.000	    46.830	  3219.752	     0.000	     0.000	     0.000	     0.970
205.10	 1010.583	-5550.413	 3183.471	  99.708	1673.940	130.239	     0.000	    46.830	  3219.752	     0.000	     0.000	     0.000	     0.969
206.10	 1011.600	-5550.172	 3184.776	 100.302	1670.563	131.777	     0.000	    46.830	  3219.752	     0.000	     0.000	     0.000	     0.969
207.10	 1012.616	-5549.922	 3186.076	 100.887	1667.231	133.316	     0.000	    46.830	  3219.752	     0.000	     0.000	     0.000	     0.969
208.10	 1013.630	-5549.665	 3187.372	 101.463	1663.944	134.854	     0.000	    46.830	  3219.752	     0.000	     0.000	     0.000	     0.969
209.10	 1014.642	-5549.400	 3188.663	 102.030	1660.702	136.392	     0.000	    46.830	  3219.752	     0.000	     0.000	     0.000	     0.969
210.10	 1015.654	-5549.127	 3189.949	 102.588	1657.505	137.930	     0.000	    46.830	  3219.752	     0.000	     0.000	     0.000	     0.969
211.10	 1016.663	-5548.846	 3191.231	 103.137	1654.354	139.467	     0.000	    46.830	  3219.752	     0.000	     0.000	     0.000	     0.968
212.10	 1017.672	-5548.558	 3192.507	 103.677	1651.248	141.004	     0.000	    46.830	  3219.752	     0.000	     0.000	     0.000	     0.968
213.10	 1018.679	-5548.261	 3193.780	 104.209	1648.189	142.540	     0.000	    46.830	  3219.752	     0.000	     0.000	     0.000	     0.968
214.10	 1019.684	-5547.956	 3195.047	 104.731	1645.176	144.077	     0.000	    46.830	  3219.752	     0.000	     0.000	     0.000	     0.968
215.10	 1020.688	-5547.643	 3196.310	 105.244	1642.209	145.613	     0.000	    46.830	  3219.752	     0.000	     0.000	     0.000	     0.968
216.10	 1021.691	-5547.323	 3197.568	 105.749	1639.289	147.149	     0.000	    46.830	  3219.752	     0.000	     0.000	     0.000	     0.968
217.10	 1022.692	-5546.994	 3198.822	 106.244	1636.416	148.684	     0.000	    46.830	  3219.752	     0.000	     0.000	     0.000	     0.968
218.10	 1023.691	-5546.658	 3200.071	 106.731	1633.590	150.219	     0.000	    46.830	  3219.752	     0.000	     0.000	     0.000	     0.967
219.10	 1024.690	-5546.313	 3201.315	 107.208	1630.812	151.754	     0.000	    46.830	  3219.752	     0.000	     0.000	     0.000	     0.967
220.10	 1025.687	-5545.961	 3202.555	 107.677	1628.081	153.289	     0.000	    46.830	  3219.752	     0.000	     0.000	     0.000	     0.967
221.10	 1026.682	-5545.601	 3203.789	 108.137	1625.398	154.823	     0.000	    46.830	  3219.752	     0.000	     0.000	     0.000	     0.967
222.10	 1027.676	-5545.232	 3205.020	 108.588	1622.763	156.357	     0.000	    46.830	  3219.752	     0.000	     0.000	     0.000	     0.967
223.10	 1028.668	-5544.856	 3206.245	 109.029	1620.176	157.891	     0.000	    46.830	  3219.752	     0.000	     0.000	     0.000	     0.967
224.10	 1029.659	-5544.472	 3207.466	 109.462	1617.637	159.424	     0.000	    46.830	  3219.752	     0.000	     0.000	     0.000	     0.967
225.10	 1030.649	-5544.080	 3208.682	 109.886	1615.147	160.958	     0.000	    46.830	  3219.752	     0.000	     0.000	     0.000	     0.966
226.10	 1031.637	-5543.680	 3209.893	 110.301	1612.706	162.491	     0.000	    46.830	  3219.752	     0.000	     0.000	     0.000	     0.966
227.10	 1032.624	-5543.273	 3211.100	 110.707	1610.314	164.023	     0.000	    46.830	  3219.752	     0.000	     0.000	     0.000	     0.966
228.10	 1033.609	-5542.857	 3212.302	 111.104	1607.971	165.556	     0.000	    46.830	  3219.752	     0.000	     0.000	     0.000	     0.966
229.10	 1034.593	-5542.433	 3213.500	 111.493	1605.677	167.088	     0.000	    46.830	  3219.752	     0.000	     0.000	     0.000	     0.966
230.10	 1035.575	-5542.002	 3214.692	 111.872	1603.433	168.621	     0.000	    46.830	  3219.752	     0.000	     0.000	     0.000	     0.966
231.10	 1036.556	-5541.562	 3215.880	 112.242	1601.239	170.152	     0.000	    46.830	  3219.752	     0.000	     0.000	     0.000	     0.966
232.10	 1037.536	-5541.115	 3217.064	 112.604	1599.094	171.684	     0.000	    46.830	  3219.752	     0.000	     0.000	     0.000	     0.966
233.10	 1038.514	-5540.660	 3218.242	 112.956	1597.000	173.216	     0.000	    46.830	  3219.752	     0.000	     0.000	     0.000	     0.966
234.10	 1039.490	-5540.196	 3219.416	 113.300	1594.956	174.747	     0.000	    46.830	  3219.752	     0.000	     0.000	     0.000	     0.965
235.10	 1040.466	-5539.725	 3220.586	 113.635	1592.962	176.278	     0.000	    46.830	  3219.752	     0.000	     0.000	     0.000	     0.965
236.10	 1041.439	-5539.246	 3221.750	 113.960	1591.019	177.809	     0.000	    46.830	  3219.752	     0.000	     0.000	     0.000	     0.965
237.10	 1042.412	-5538.760	 3222.910	 114.277	1589.127	179.340	     0.000	    46.830	  3219.752	     0.000	     0.000	     0.000	     0.965
238.10	 1043.383	-5538.265	 3224.065	 114.585	1587.286	180.870	     0.000	    46.830	  3219.752	     0.000	     0.000	     0.000	     0.965
239.10	 1044.352	-5537.762	 3225.216	 114.884	1585.495	182.400	     0.000	    46.830	  3219.752	     0.000	     0.000	     0.000	     0.965
240.10	 1045.320	-5537.252	 3226.361	 115.174	1583.756	183.931	     0.000	    46.830	  3219.752	     0.000	     0.000	     0.000	     0.965
241.10	 1046.286	-5536.733	 3227.503	 115.455	1582.069	185.461	     0.000	    46.830	  3219.752	     0.000	     0.000	     0.000	     0.965
242.10	 1047.252	-5536.207	 3228.639	 115.727	1580.433	186.990	     0.000	    46.830	  3219.752	     0.000	     0.000	     0.000	     0.965
243.10	 1048.215	-5535.673	 3229.771	 115.991	1578.848	188.520	     0.000	    46.830	  3219.752	     0.000	     0.000	     0.000	     0.965
244.10	 1049.177	-5535.131	 3230.898	 116.245	1577.316	190.050	     0.000	    46.830	  3219.752	     0.000	     0.000	     0.000	     0.965
245.10	 1050.138	-5534.581	 3232.020	 116.490	1575.835	191.579	     0.000	    46.830	  3219.752	     0.000	     0.000	     0.000	     0.964
246.10	 1051.097	-5534.023	 3233.138	 116.727	1574.407	193.108	     0.000	    46.830	  3219.752	     0.000	     0.000	     0.000	     0.964
247.10	 1052.055	-5533.457	 3234.250	 116.954	1573.031	194.637	     0.000	    46.830	  3219.752	     0.000	     0.000	     0.000	     0.964
248.10	 1053.012	-5532.883	 3235.359	 117.173	1571.707	196.166	     0.000	    46.830	  3219.752	     0.000	     0.000	     0.000	     0.964
249.10	 1053.967	-5532.302	 3236.462	 117.383	1570.435	197.695	     0.000	    46.830	  3219.752	     0.000	     0.000	     0.000	     0.964
250.10	 1054.920	-5531.712	 3237.561	 117.584	1569.216	199.224	     0.000	    46.830	  3219.752	     0.000	     0.000	     0.000	     0.964
251.10	 1055.873	-5531.115	 3238.655	 117.776	1568.050	200.752	     0.000	    46.830	  3219.752	     0.000	     0.000	     0.000	     0.964
252.10	 1056.823	-5530.510	 3239.744	 117.959	1566.937	202.281	     0.000	    46.830	  3219.752	     0.000	     0.000	     0.000	     0.964
253.10	 1057.772	-5529.897	 3240.829	 118.133	1565.876	203.809	     0.000	    46.830	  3219.752	     0.000	     0.000	     0.000	     0.964
254.10	 1058.720	-5529.276	 3241.909	 118.298	1564.869	205.337	     0.000	    46.830	  3219.752	     0.000	     0.000	     0.000	     0.964
255.10	 1059.667	-5528.647	 3242.984	 118.454	1563.914	206.866	     0.000	    46.830	  3219.752	     0.000	     0.000	     0.000	     0.964
256.10	 1060.611	-5528.011	 3244.055	 118.602	1563.013	208.394	     0.000	    46.830	  3219.752	     0.000	     0.000	     0.000	     0.964
257.10	 1061.555	-5527.366	 3245.120	 118.740	1562.165	209.922	     0.000	    46.830	  3219.752	     0.000	     0.000	     0.000	     0.964
258.10	 1062.497	-5526.714	 3246.181	 118.870	1561.370	211.449	     0.000	    46.830	  3219.752	     0.000	     0.000	     0.000	     0.964
259.10	 1063.438	-5526.054	 3247.238	 118.990	1560.629	212.977	     0.000	    46.830	  3219.752	     0.000	     0.000	     0.000	     0.964
260.10	 1064.377	-5525.386	 3248.289	 119.102	1559.941	214.505	     0.000	    46.830	  3219.752	     0.000	     0.000	     0.000	     0.964
261.10	 1065.314	-5524.710	 3249.336	 119.205	1559.307	216.033	     0.000	    46.830	  3219.752	     0.000	     0.000	     0.000	     0.964
262.10	 1066.251	-5524.026	 3250.379	 119.299	1558.726	217.560	     0.000	    46.830	  3219.752	     0.000	     0.000	     0.000	     0.964
263.10	 1067.185	-5523.334	 3251.416	 119.384	1558.199	219.088	     0.000	    46.830	  3219.752	     0.000	     0.000	     0.000	     0.964
264.10	 1068.119	-5522.635	 3252.449	 119.460	1557.725	220.615	     0.000	    46.830	  3219.752	     0.000	     0.000	     0.000	     0.964
265.10	 1069.051	-5521.927	 3253.477	 119.527	1557.306	222.143	     0.000	    46.830	  3219.752	     0.000	     0.000	     0.000	     0.964
266.10	 1069.981	-5521.212	 3254.500	 119.585	1556.940	223.670	     0.000	    46.830	  3219.752	     0.000	     0.000	     0.000	     0.964
267.10	 1070.910	-5520.489	 3255.519	 119.635	1556.628	225.197	     0.000	    46.830	  3219.752	     0.000	     0.000	     0.000	     0.964
268.10	 1071.838	-5519.758	 3256.533	 119.675	1556.369	226.725	     0.000	    46.830	  3219.752	     0.000	     0.000	     0.000	     0.964
269.10	 1072.764	-5519.019	 3257.542	 119.707	1556.165	228.252	     0.000	    46.830	  3219.752	     0.000	     0.000	     0.000	     0.963
270.10	 1073.689	-5518.272	 3258.546	 119.729	1558.278	229.779	     0.000	    46.777	  3222.015	     0.000	     0.000	     0.750	     2.492
271.10	 1074.605	-5517.523	 3259.539	 119.743	1535.451	231.296	     0.000	    46.248	  3244.739	     0.000	     0.000	     0.750	     2.520
272.10	 1075.506	-5516.778	 3260.512	 119.748	1512.505	232.791	     0.000	    45.719	  3267.634	     0.000	     0.000	     0.750	     2.536
273.10	 1076.393	-5516.036	 3261.466	 119.744	1489.442	234.263	     0.000	    45.190	  3290.701	     0.000	     0.000	     0.750	     2.552
274.10	 1077.263	-5515.297	 3262.401	 119.731	1466.260	235.713	     0.000	    44.662	  3313.945	     0.000	     0.000	     0.750	     2.569
275.10	 1078.119	-5514.562	 3263.316	 119.709	1442.961	237.139	     0.000	    44.133	  3337.368	     0.000	     0.000	     0.750	     2.586
276.10	 1078.958	-5513.831	 3264.211	 119.678	1419.544	238.543	     0.000	    43.604	  3360.972	     0.000	     0.000	     0.750	     2.603
277.10	 1079.782	-5513.103	 3265.087	 119.638	1396.011	239.923	     0.000	    43.076	  3384.760	     0.000	     0.000	     0.750	     2.621
278.10	 1080.591	-5512.380	 3265.943	 119.589	1372.361	241.280	     0.000	    42.547	  3408.736	     0.000	     0.000	     0.750	     2.639
279.10	 1081.383	-5511.660	 3266.779	 119.531	1348.595	242.613	     0.000	    42.018	  3432.901	     0.000	     0.000	     0.750	     2.657
280.10	 1082.159	-5510.944	 3267.594	 119.464	1324.716	243.922	     0.000	    41.489	  3457.260	     0.000	     0.000	     0.750	     2.676
281.10	 1082.920	-5510.233	 3268.390	 119.388	1300.724	245.207	     0.000	    40.961	  3481.815	     0.000	     0.000	     0.750	     2.695
282.10	 1083.664	-5509.526	 3269.165	 119.303	1276.622	246.468	     0.000	    40.432	  3506.570	     0.000	     0.000	     0.750	     2.714
283.10	 1084.392	-5508.823	 3269.920	 119.209	1252.410	247.705	     0.000	    39.903	  3531.527	     0.000	     0.000	     0.750	     2.733
284.10	 1085.103	-5508.125	 3270.654	 119.105	1228.094	248.917	     0.000	    39.375	  3556.690	     0.000	     0.000	     0.750	     2.753
285.10	 1085.797	-5507.432	 3271.367	 118.993	1203.674	250.104	     0.000	    38.846	  3582.063	     0.000	     0.000	     0.750	     2.773
286.10	 1086.475	-5506.743	 3272.060	 118.872	1179.156	251.267	     0.000	    38.317	  3607.649	     0.000	     0.000	     0.750	     2.794
287.10	 1087.136	-5506.059	 3272.731	 118.741	1154.543	252.404	     0.000	    37.788	  3633.452	     0.000	     0.000	     0.750	     2.815
288.10	 1087.781	-5505.380	 3273.382	 118.602	1129.840	253.515	     0.000	    37.260	  3659.475	     0.000	     0.000	     0.750	     2.836
289.10	 1088.407	-5504.706	 3274.011	 118.453	1105.054	254.601	     0.000	    36.731	  3685.723	     0.000	     0.000	     0.750	     2.858
290.10	 1089.017	-5504.037	 3274.618	 118.295	1080.192	255.662	     0.000	    36.202	  3712.198	     0.000	     0.000	     0.750	     2.880
291.10	 1089.610	-5503.373	 3275.204	 118.128	1055.260	256.696	     0.000	    35.673	  3738.905	     0.000	     0.000	     0.750	     2.903
292.10	 1090.184	-5502.715	 3275.769	 117.952	1030.268	257.704	     0.000	    35.145	  3765.849	     0.000	     0.000	     0.750	     2.926
293.10	 1090.741	-5502.062	 3276.311	 117.766	1005.227	258.685	     0.000	    34.616	  3793.033	     0.000	     0.000	     0.750	     2.949
294.10	 1091.281	-5501.415	 3276.831	 117.572	 980.149	259.639	     0.000	    34.087	  3820.462	     0.000	     0.000	     0.750	     2.973
295.10	 1091.802	-5500.774	 3277.330	 117.368	 955.047	260.567	     0.000	    33.559	  3848.139	     0.000	     0.000	     0.750	     2.997
296.10	 1092.305	-5500.138	 3277.805	 117.155	 929.938	261.467	     0.000	    33.030	  3876.071	     0.000	     0.000	     0.750	     3.022
297.10	 1092.791	-5499.508	 3278.259	 116.933	 907.583	262.340	     0.000	    32.554	  3901.430	     0.000	     0.000	     0.000	     0.964
298.10	 1093.269	-5498.875	 3278.702	 116.702	 909.967	263.203	     0.000	    32.554	  3901.430	     0.000	     0.000	     0.000	     0.964
299.00	 1093.698	-5498.298	 3279.097	 116.485	 912.188	263.980	     0.000	    32.554	  3901.430	     0.000	     0.000	     0.000	     0.964
300.00	 1094.174	-5497.650	 3279.531	 116.236	 914.741	264.844	     0.000	    32.554	  3901.430	     0.000	     0.000	     0.000	     0.965
301.00	 1094.648	-5496.994	 3279.961	 115.978	 917.382	265.707	     0.000	    32.554	  3901.430	     0.000	     0.000	     0.000	     0.965
302.00	 1095.121	-5496.330	 3280.385	 115.711	 920.110	266.570	     0.000	    32.554	  3901.430	     0.000	     0.000	     0.000	     0.965
303.00	 1095.592	-5495.658	 3280.805	 115.434	 922.925	267.434	     0.000	    32.554	  3901.430	     0.000	     0.000	     0.000	     0.965
304.00	 1096.061	-5494.978	 3281.220	 115.148	 925.825	268.297	     0.000	    32.554	  3901.430	     0.000	     0.000	     0.000	     0.965
305.00	 1096.529	-5494.291	 3281.631	 114.853	 928.810	269.161	     0.000	    32.554	  3901.430	     0.000	     0.000	     0.000	     0.965
306.00	 1096.996	-5493.595	 3282.036	 114.549	 931.879	270.025	     0.000	    32.554	  3901.430	     0.000	     0.000	     0.000	     0.965
307.00	 1097.461	-5492.891	 3282.437	 114.235	 935.032	270.889	     0.000	    32.554	  3901.430	     0.000	     0.000	     0.000	     0.965
308.00	 1097.925	-5492.180	 3282.833	 113.912	 938.267	271.753	     0.000	    32.554	  3901.430	     0.000	     0.000	     0.000	     0.965
309.00	 1098.387	-5491.461	 3283.224	 113.580	 941.584	272.617	     0.000	    32.554	  3901.430	     0.000	     0.000	     0.000	     0.965
310.00	 1098.848	-5490.733	 3283.610	 113.239	 944.982	273.481	     0.000	    32.554	  3901.430	     0.000	     0.000	     0.000	     0.965
311.00	 1099.307	-5489.998	 3283.992	 112.889	 948.460	274.345	     0.000	    32.554	  3901.430	     0.000	     0.000	     0.000	     0.966
312.00	 1099.765	-5489.255	 3284.369	 112.529	 952.017	275.210	     0.000	    32.554	  3901.430	     0.000	     0.000	     0.000	     0.966
313.00	 1100.221	-5488.504	 3284.741	 112.160	 955.652	276.074	     0.000	    32.554	  3901.430	     0.000	     0.000	     0.000	     0.966
314.00	 1100.676	-5487.745	 3285.108	 111.782	 959.365	276.939	     0.000	    32.554	  3901.430	     0.000	     0.000	     0.000	     0.966
315.00	 1101.129	-5486.979	 3285.471	 111.394	 963.155	277.804	     0.000	    32.554	  3901.430	     0.000	     0.000	     0.000	     0.966
316.00	 1101.581	-5486.204	 3285.828	 110.997	 967.021	278.668	     0.000	    32.554	  3901.430	     0.000	     0.000	     0.000	     0.966
317.00	 1102.031	-5485.421	 3286.181	 110.591	 970.962	279.533	     0.000	    32.554	  3901.430	     0.000	     0.000	     0.000	     0.966
318.00	 1102.480	-5484.631	 3286.529	 110.176	 974.976	280.399	     0.000	    32.554	  3901.430	     0.000	     0.000	     0.000	     0.966
319.00	 1102.927	-5483.833	 3286.873	 109.752	 979.064	281.264	     0.000	    32.554	  3901.430	     0.000	     0.000	     0.000	     0.966
320.00	 1103.373	-5483.026	 3287.211	 109.318	 983.225	282.129	     0.000	    32.554	  3901.430	     0.000	     0.000	     0.000	     0.967
321.00	 1103.817	-5482.212	 3287.545	 108.875	 987.457	282.995	     0.000	    32.554	  3901.430	     0.000	     0.000	     0.000	     0.967
322.00	 1104.260	-5481.390	 3287.874	 108.423	 991.759	283.861	     0.000	    32.554	  3901.430	     0.000	     0.000	     0.000	     0.967
323.00	 1104.701	-5480.560	 3288.198	 107.961	 996.132	284.726	     0.000	    32.554	  3901.430	     0.000	     0.000	     0.000	     0.967
324.00	 1105.141	-5479.722	 3288.517	 107.490	1000.573	285.592	     0.000	    32.554	  3901.430	     0.000	     0.000	     0.000	     0.967
325.00	 1105.579	-5478.876	 3288.831	 107.010	1005.082	286.459	     0.000	    32.554	  3901.430	     0.000	     0.000	     0.000	     0.967
326.00	 1106.016	-5478.022	 3289.141	 106.521	1009.659	287.325	     0.000	    32.554	  3901.430	     0.000	     0.000	     0.000	     0.967
327.00	 1106.452	-5477.161	 3289.446	 106.023	1014.302	288.191	     0.000	    32.554	  3901.430	     0.000	     0.000	     0.000	     0.968
328.00	 1106.886	-5476.291	 3289.746	 105.515	1019.010	289.058	     0.000	    32.554	  3901.430	     0.000	     0.000	     0.000	     0.968
329.00	 1107.318	-5475.413	 3290.041	 104.998	1023.783	289.925	     0.000	    32.554	  3901.430	     0.000	     0.000	     0.000	     0.968
330.00	 1107.749	-5474.528	 3290.332	 104.472	1028.620	290.792	     0.000	    32.554	  3901.430	     0.000	     0.000	     0.000	     0.968
331.00	 1108.178	-5473.635	 3290.617	 103.936	1033.519	291.659	     0.000	    32.554	  3901.430	     0.000	     0.000	     0.000	     0.968
332.00	 1108.606	-5472.733	 3290.898	 103.391	1038.481	292.526	     0.000	    32.554	  3901.430	     0.000	     0.000	     0.000	     0.968
333.00	 1109.033	-5471.824	 3291.174	 102.837	1043.504	293.394	     0.000	    32.554	  3901.430	     0.000	     0.000	     0.000	     0.968
334.00	 1109.458	-5470.907	 3291.445	 102.274	1048.588	294.262	     0.000	    32.554	  3901.430	     0.000	     0.000	     0.000	     0.969
335.00	 1109.881	-5469.982	 3291.712	 101.701	1053.731	295.130	     0.000	    32.554	  3901.430	     0.000	     0.000	     0.000	     0.969
336.00	 1110.303	-5469.049	 3291.973	 101.119	1058.933	295.998	     0.000	    32.554	  3901.430	     0.000	     0.000	     0.000	     0.969
337.00	 1110.724	-5468.108	 3292.230	 100.528	1064.193	296.866	     0.000	    32.554	  3901.430	     0.000	     0.000	     0.000	     0.969
338.00	 1111.143	-5467.159	 3292.482	  99.928	1069.510	297.734	     0.000	    32.554	  3901.430	     0.000	     0.000	     0.000	     0.969
339.00	 1111.561	-5466.203	 3292.729	  99.318	1074.884	298.603	     0.000	    32.554	  3901.430	     0.000	     0.000	     0.000	     0.970
340.00	 1111.977	-5465.238	 3292.971	  98.699	1080.313	299.472	     0.000	    32.554	  3901.430	     0.000	     0.000	     0.000	     0.970
341.00	 1112.391	-5464.265	 3293.209	  98.071	1085.798	300.341	     0.000	    32.554	  3901.430	     0.000	     0.000	     0.000	     0.970
342.00	 1112.804	-5463.285	 3293.441	  97.433	1091.336	301.210	     0.000	    32.554	  3901.430	     0.000	     0.000	     0.000	     0.970
343.00	 1113.216	-5462.296	 3293.669	  96.786	1096.928	302.080	     0.000	    32.554	  3901.430	     0.000	     0.000	     0.000	     0.970
344.00	 1113.626	-5461.300	 3293.892	  96.130	1102.572	302.950	     0.000	    32.554	  3901.430	     0.000	     0.000	     0.000	     0.971
345.00	 1114.035	-5460.296	 3294.110	  95.465	1108.268	303.820	     0.000	    32.554	  3901.430	     0.000	     0.000	     0.000	     0.971
346.00	 1114.442	-5459.283	 3294.323	  94.790	1114.016	304.690	     0.000	    32.554	  3901.430	     0.000	     0.000	     0.000	     0.971
347.00	 1114.848	-5458.263	 3294.531	  94.106	1119.814	305.560	     0.000	    32.554	  3901.430	     0.000	     0.000	     0.000	     0.971
348.00	 1115.252	-5457.235	 3294.735	  93.413	1125.661	306.431	     0.000	    32.554	  3901.430	     0.000	     0.000	     0.000	     0.971
349.00	 1115.655	-5456.199	 3294.934	  92.710	1131.558	307.302	     0.000	    32.554	  3901.430	     0.000	     0.000	     0.000	     0.972
350.00	 1116.056	-5455.155	 3295.127	  91.998	1137.503	308.173	     0.000	    32.554	  3901.430	     0.000	     0.000	     0.000	     0.972
351.00	 1116.456	-5454.103	 3295.316	  91.277	1143.495	309.044	     0.000	    32.554	  3901.430	     0.000	     0.000	     0.000	     0.972
352.00	 1116.854	-5453.043	 3295.501	  90.547	1149.535	309.916	     0.000	    32.554	  3901.430	     0.000	     0.000	     0.000	     0.972
353.00	 1117.251	-5451.975	 3295.680	  89.807	1155.621	310.788	     0.000	    32.554	  3901.430	     0.000	     0.000	     0.000	     0.972
354.00	 1117.646	-5450.900	 3295.854	  89.058	1161.752	311.660	     0.000	    32.554	  3901.430	     0.000	     0.000	     0.000	     0.973
355.00	 1118.040	-5449.816	 3296.024	  88.299	1167.929	312.532	     0.000	    32.554	  3901.430	     0.000	     0.000	     0.000	     0.973
356.00	 1118.432	-5448.724	 3296.189	  87.532	1174.149	313.405	     0.000	    32.554	  3901.430	     0.000	     0.000	     0.000	     0.973
357.00	 1118.823	-5447.625	 3296.348	  86.755	1180.414	314.278	     0.000	    32.554	  3901.430	     0.000	     0.000	     0.000	     0.973
358.00	 1119.212	-5446.517	 3296.503	  85.968	1186.721	315.151	     0.000	    32.554	  3901.430	     0.000	     0.000	     0.000	     0.974
359.00	 1119.600	-5445.402	 3296.654	  85.173	1193.071	316.024	     0.000	    32.554	  3901.430	     0.000	     0.000	     0.000	     0.974
360.00	 1119.987	-5444.278	 3296.799	  84.368	1199.463	316.898	     0.000	    32.554	  3901.430	     0.000	     0.000	     0.000	     0.974
361.00	 1120.372	-5443.147	 3296.939	  83.553	1205.897	317.772	     0.000	    32.554	  3901.430	     0.000	     0.000	     0.000	     0.974
362.00	 1120.755	-5442.007	 3297.075	  82.730	1212.371	318.646	     0.000	    32.554	  3901.430	     0.000	     0.000	     0.000	     0.975
363.00	 1121.137	-5440.860	 3297.205	  81.897	1218.885	319.521	     0.000	    32.554	  3901.430	     0.000	     0.000	     0.000	     0.975
364.00	 1121.517	-5439.705	 3297.331	  81.054	1225.438	320.396	     0.000	    32.554	  3901.430	     0.000	     0.000	     0.000	     0.975
365.00	 1121.896	-5438.542	 3297.452	  80.203	1232.031	321.271	     0.000	    32.554	  3901.430	     0.000	     0.000	     0.000	     0.975
366.00	 1122.274	-5437.370	 3297.568	  79.342	1238.662	322.146	     0.000	    32.554	  3901.430	     0.000	     0.000	     0.000	     0.976
367.00	 1122.650	-5436.191	 3297.679	  78.472	1245.331	323.022	     0.000	    32.554	  3901.430	     0.000	     0.000	     0.000	     0.976
368.00	 1123.024	-5435.004	 3297.785	  77.592	1252.038	323.898	     0.000	    32.554	  3901.430	     0.000	     0.000	     0.000	     0.976
369.00	 1123.397	-5433.809	 3297.887	  76.703	1258.781	324.774	     0.000	    32.554	  3901.430	     0.000	     0.000	     0.000	     0.976
370.00	 1123.769	-5432.606	 3297.983	  75.805	1265.561	325.651	     0.000	    32.554	  3901.430	     0.000	     0.000	     0.000	     0.977
371.00	 1124.139	-5431.395	 3298.075	  74.897	1272.377	326.528	     0.000	    32.554	  3901.430	     0.000	     0.000	     0.000	     0.977
372.00	 1124.508	-5430.176	 3298.162	  73.980	1279.228	327.405	     0.000	    32.554	  3901.430	     0.000	     0.000	     0.000	     0.977
373.00	 1124.875	-5428.949	 3298.243	  73.054	1286.114	328.282	     0.000	    32.554	  3901.430	     0.000	     0.000	     0.000	     0.977
374.00	 1125.240	-5427.714	 3298.320	  72.118	1293.034	329.160	     0.000	    32.554	  3901.430	     0.000	     0.000	     0.000	     0.978
375.00	 1125.605	-5426.471	 3298.392	  71.173	1299.988	330.038	     0.000	    32.554	  3901.430	     0.000	     0.000	     0.000	     0.978
376.00	 1125.967	-5425.220	 3298.459	  70.219	1306.976	330.917	     0.000	    32.554	  3901.430	     0.000	     0.000	     0.000	     0.978
377.00	 1126.328	-5423.961	 3298.522	  69.255	1313.997	331.796	     0.000	    32.554	  3901.430	     0.000	     0.000	     0.000	     0.979
378.00	 1126.688	-5422.694	 3298.579	  68.282	1321.050	332.675	     0.000	    32.554	  3901.430	     0.000	     0.000	     0.000	     0.979
379.00	 1127.046	-5421.419	 3298.631	  67.299	1328.135	333.554	     0.000	    32.554	  3901.430	     0.000	     0.000	     0.000	     0.979
380.00	 1127.403	-5420.136	 3298.679	  66.307	1335.253	334.434	     0.000	    32.554	  3901.430	     0.000	     0.000	     0.000	     0.979
381.00	 1127.758	-5418.845	 3298.721	  65.306	1342.401	335.315	     0.000	    32.554	  3901.430	     0.000	     0.000	     0.000	     0.980
382.00	 1128.112	-5417.546	 3298.759	  64.296	1349.581	336.195	     0.000	    32.554	  3901.430	     0.000	     0.000	     0.000	     0.980
383.00	 1128.464	-5416.240	 3298.792	  63.276	1356.790	337.076	     0.000	    32.554	  3901.430	     0.000	     0.000	     0.000	     0.980
384.00	 1128.815	-5414.925	 3298.820	  62.246	1364.030	337.957	     0.000	    32.554	  3901.430	     0.000	     0.000	     0.000	     0.981
385.00	 1129.164	-5413.602	 3298.843	  61.207	1371.300	338.839	     0.000	    32.554	  3901.430	     0.000	     0.000	     0.000	     0.981
386.00	 1129.512	-5412.271	 3298.861	  60.159	1378.599	339.721	     0.000	    32.554	  3901.430	     0.000	     0.000	     0.000	     0.981
387.00	 1129.858	-5410.932	 3298.874	  59.102	1385.927	340.603	     0.000	    32.554	  3901.430	     0.000	     0.000	     0.000	     0.982
388.00	 1130.203	-5409.585	 3298.882	  58.035	1393.283	341.486	     0.000	    32.554	  3901.430	     0.000	     0.000	     0.000	     0.982
389.00	 1130.546	-5408.230	 3298.885	  56.959	1400.668	342.369	     0.000	    32.554	  3901.430	     0.000	     0.000	     0.000	     0.982
390.00	 1130.888	-5406.868	 3298.883	  55.873	1408.081	343.252	     0.000	    32.554	  3901.430	     0.000	     0.000	     0.000	     0.983
391.00	 1131.229	-5405.497	 3298.876	  54.778	1415.521	344.136	     0.000	    32.554	  3901.430	     0.000	     0.000	     0.000	     0.983
392.00	 1131.568	-5404.118	 3298.865	  53.673	1422.988	345.020	     0.000	    32.554	  3901.430	     0.000	     0.000	     0.000	     0.983
393.00	 1131.905	-5402.731	 3298.848	  52.559	1430.482	345.905	     0.000	    32.554	  3901.430	     0.000	     0.000	     0.000	     0.984
394.00	 1132.241	-5401.336	 3298.827	  51.436	1438.002	346.790	     0.000	    32.554	  3901.430	     0.000	     0.000	     0.000	     0.984
395.00	 1132.575	-5399.933	 3298.800	  50.303	1445.548	347.675	     0.000	    32.554	  3901.430	     0.000	     0.000	     0.000	     0.984
396.00	 1132.908	-5398.522	 3298.769	  49.161	1453.121	348.561	     0.000	    32.554	  3901.430	     0.000	     0.000	     0.000	     0.985
397.00	 1133.240	-5397.103	 3298.733	  48.009	1460.719	349.447	     0.000	    32.554	  3901.430	     0.000	     0.000	     0.000	     0.985
398.00	 1133.570	-5395.676	 3298.691	  46.848	1468.342	350.334	     0.000	    32.554	  3901.430	     0.000	     0.000	     0.000	     0.985
399.00	 1133.898	-5394.241	 3298.645	  45.678	1475.990	351.221	     0.000	    32.554	  3901.430	     0.000	     0.000	     0.000	     0.986
400.00	 1134.225	-5392.797	 3298.594	  44.498	1483.663	352.108	     0.000	    32.554	  3901.430	     0.000	     0.000	     0.000	     0.986
401.00	 1134.545	-5391.369	 3298.538	  43.325	1453.386	352.984	     0.000	    31.849	  3939.380	     0.000	     0.000	     1.000	     3.164
402.00	 1134.856	-5389.969	 3298.480	  42.174	1422.655	353.837	     0.000	    31.144	  3977.808	     0.000	     0.000	     1.000	     3.210
403.00	 1135.157	-5388.599	 3298.417	  41.044	1391.458	354.667	     0.000	    30.439	  4016.727	     0.000	     0.000	     1.000	     3.257
404.00	 1135.448	-5387.259	 3298.352	  39.936	1359.782	355.475	     0.000	    29.734	  4056.150	     0.000	     0.000	     1.000	     3.305
405.00	 1135.729	-5385.950	 3298.284	  38.851	1327.613	356.260	     0.000	    29.029	  4096.089	     0.000	     0.000	     1.000	     3.354
406.00	 1136.000	-5384.673	 3298.213	  37.789	1294.939	357.021	     0.000	    28.324	  4136.559	     0.000	     0.000	     1.000	     3.405
407.00	 1136.261	-5383.427	 3298.139	  36.750	1261.746	357.760	     0.000	    27.619	  4177.574	     0.000	     0.000	     1.000	     3.458
408.00	 1136.512	-5382.213	 3298.062	  35.736	1228.019	358.474	     0.000	    26.914	  4219.148	     0.000	     0.000	     1.000	     3.512
409.00	 1136.754	-5381.033	 3297.984	  34.746	1193.742	359.165	     0.000	    26.209	  4261.298	     0.000	     0.000	     1.000	     3.567
410.00	 1136.985	-5379.886	 3297.903	  33.782	1158.901	359.832	     0.000	    25.504	  4304.038	     0.000	     0.000	     1.000	     3.624
411.00	 1137.206	-5378.773	 3297.820	  32.844	1123.478	360.475	     0.000	    24.799	  4347.387	     0.000	     0.000	     1.000	     3.683
412.00	 1137.417	-5377.695	 3297.735	  31.932	1087.457	361.094	     0.000	    24.094	  4391.362	     0.000	     0.000	     1.000	     3.744
413.00	 1137.618	-5376.652	 3297.649	  31.047	1050.820	361.688	     0.000	    23.390	  4435.980	     0.000	     0.000	     1.000	     3.806
414.00	 1137.810	-5375.645	 3297.562	  30.190	1013.547	362.257	     0.000	    22.685	  4481.261	     0.000	     0.000	     1.000	     3.871
415.00	 1137.991	-5374.675	 3297.474	  29.361	 975.621	362.801	     0.000	    21.980	  4527.226	     0.000	     0.000	     1.000	     3.937
416.00	 1138.162	-5373.742	 3297.385	  28.562	 937.019	363.320	     0.000	    21.275	  4573.895	     0.000	     0.000	     1.000	     4.006
417.00	 1138.323	-5372.847	 3297.295	  27.793	 897.721	363.814	     0.000	    20.570	  4621.289	     0.000	     0.000	     1.000	     4.076
418.00	 1138.474	-5371.992	 3297.205	  27.054	 857.705	364.283	     0.000	    19.865	  4669.432	     0.000	     0.000	     1.000	     4.150
419.00	 1138.616	-5371.175	 3297.116	  26.347	 816.948	364.725	     0.000	    19.160	  4718.349	     0.000	     0.000	     1.000	     4.225
420.00	 1138.747	-5370.399	 3297.026	  25.672	 775.424	365.142	     0.000	    18.455	  4768.063	     0.000	     0.000	     1.000	     4.303
421.00	 1138.869	-5369.664	 3296.938	  25.030	 733.109	365.532	     0.000	    17.750	  4818.602	     0.000	     0.000	     1.000	     4.384
422.00	 1138.980	-5368.972	 3296.851	  24.422	 689.111	365.896	    10.202	    17.045	  4869.869	     0.000	     0.000	     1.000	     4.566
423.00	 1139.082	-5368.323	 3296.765	  23.851	 644.153	366.234	     9.812	    16.340	  4922.002	     0.000	     0.000	     1.000	     4.654
424.00	 1139.174	-5367.719	 3296.682	  23.315	 598.320	366.544	     9.263	    15.635	  4975.033	     0.000	     0.000	     1.000	     4.742
425.00	 1139.256	-5367.161	 3296.601	  22.818	 551.604	366.827	     8.565	    14.930	  5028.993	     0.000	     0.000	     1.000	     4.831
426.00	 1139.329	-5366.648	 3296.523	  22.360	 504.000	367.082	     7.732	    14.225	  5083.915	     0.000	     0.000	     1.000	     4.921
427.00	 1139.392	-5366.184	 3296.448	  21.941	 455.501	367.311	     6.787	    13.520	  5139.835	     0.000	     0.000	     1.000	     5.011
428.00	 1139.447	-5365.767	 3296.378	  21.563	 406.100	367.512	     5.763	    12.815	  5196.792	     0.000	     0.000	     1.000	     5.102
429.00	 1139.492	-5365.399	 3296.313	  21.227	 355.850	367.686	     4.698	    12.110	  5254.825	     0.000	     0.000	     1.000	     5.184
430.00	 1139.528	-5365.082	 3296.254	  20.935	 304.749	367.833	     3.638	    11.405	  5313.977	     0.000	     0.000	     1.000	     5.273
431.00	 1139.557	-5364.815	 3296.200	  20.686	 252.726	367.953	     2.628	    10.700	  5374.294	     0.000	     0.000	     1.000	     5.369
432.00	 1139.577	-5364.600	 3296.154	  20.483	 199.706	368.048	     1.718	     9.995	  5435.825	     0.000	     0.000	     1.000	     5.473
433.00	 1139.594	-5364.401	 3296.109	  20.296	 208.412	368.130	     1.815	     9.995	  5435.825	     0.000	     0.000	     0.000	     0.977
434.00	 1139.609	-5364.194	 3296.058	  20.100	 217.165	368.212	     2.036	     9.995	  5435.825	     0.000	     0.000	     0.000	     0.974
435.00	 1139.622	-5363.979	 3296.002	  19.894	 225.951	368.295	     2.279	     9.995	  5435.825	     0.000	     0.000	     0.000	     0.971
436.00	 1139.634	-5363.756	 3295.941	  19.678	 234.760	368.377	     2.545	     9.995	  5435.825	     0.000	     0.000	     0.000	     0.968
437.00	 1139.643	-5363.525	 3295.876	  19.453	 243.581	368.459	     2.839	     9.995	  5435.825	     0.000	     0.000	     0.000	     0.964
438.00	 1139.652	-5363.287	 3295.805	  19.219	 252.404	368.541	     3.163	     9.995	  5435.825	     0.000	     0.000	     0.000	     0.960
439.00	 1139.658	-5363.040	 3295.730	  18.975	 261.219	368.623	     3.520	     9.995	  5435.825	     0.000	     0.000	     0.000	     0.955
440.00	 1139.663	-5362.786	 3295.649	  18.722	 270.016	368.705	     3.914	     9.995	  5435.825	     0.000	     0.000	     0.000	     0.949
441.00	 1139.666	-5362.524	 3295.564	  18.460	 278.784	368.786	     4.348	     9.995	  5435.825	     0.000	     0.000	     0.000	     0.943
442.00	 1139.667	-5362.255	 3295.474	  18.188	 287.512	368.868	     4.827	     9.995	  5435.825	     0.000	     0.000	     0.000	     0.935
443.00	 1139.666	-5361.978	 3295.379	  17.907	 296.190	368.949	     5.353	     9.995	  5435.825	     0.000	     0.000	     0.000	     0.927
444.00	 1139.664	-5361.694	 3295.280	  17.618	 304.805	369.030	     5.934	     9.995	  5435.825	     0.000	     0.000	     0.000	     0.918
445.00	 1139.660	-5361.402	 3295.175	  17.319	 313.344	369.111	     6.572	     9.995	  5435.825	     0.000	     0.000	     0.000	     0.908
446.00	 1139.655	-5361.103	 3295.066	  17.012	 321.795	369.192	     7.275	     9.995	  5435.825	     0.000	     0.000	     0.000	     0.897
447.00	 1139.648	-5360.797	 3294.952	  16.695	 330.142	369.273	     8.047	     9.995	  5435.825	     0.000	     0.000	     0.000	     0.884
448.00	 1139.639	-5360.483	 3294.834	  16.371	 338.370	369.353	     8.896	     9.995	  5435.825	     0.000	     0.000	     0.000	     0.869
449.00	 1139.629	-5360.163	 3294.711	  16.037	 346.462	369.433	     9.829	     9.995	  5435.825	     0.000	     0.000	     0.000	     0.854
450.00	 1139.617	-5359.836	 3294.583	  15.696	 354.399	369.513	    10.851	     9.995	  5435.825	     0.000	     0.000	     0.000	     0.836
451.00	 1139.603	-5359.502	 3294.451	  15.346	 362.161	369.592	    11.972	     9.995	  5435.825	     0.000	     0.000	     0.000	     0.816
452.00	 1139.588	-5359.162	 3294.315	  14.988	 369.728	369.671	    13.200	     9.995	  5435.825	     0.000	     0.000	     0.000	     0.795
453.00	 1139.571	-5358.816	 3294.174	  14.623	 377.075	369.750	    14.541	     9.995	  5435.825	     0.000	     0.000	     0.000	     0.771
454.00	 1139.552	-5358.463	 3294.030	  14.250	 384.180	369.828	    16.006	     9.995	  5435.825	     0.000	     0.000	     0.000	     0.744
455.00	 1139.532	-5358.105	 3293.881	  13.870	 391.016	369.906	    17.602	     9.995	  5435.825	     0.000	     0.000	     0.000	     0.715
456.00	 1139.511	-5357.742	 3293.728	  13.483	 397.556	369.983	    19.337	     9.995	  5435.825	     0.000	     0.000	     0.000	     0.684
457.00	 1139.488	-5357.373	 3293.572	  13.089	 403.770	370.059	    21.220	     9.995	  5435.825	     0.000	     0.000	     0.000	     0.649
458.00	 1139.463	-5356.999	 3293.412	  12.690	 409.630	370.135	    23.259	     9.995	  5435.825	     0.000	     0.000	     0.000	     0.612
459.00	 1139.437	-5356.621	 3293.248	  12.284	 415.104	370.211	    25.459	     9.995	  5435.825	     0.000	     0.000	     0.000	     0.572
460.00	 1139.410	-5356.238	 3293.082	  11.873	 420.177	370.285	    27.828	     9.995	  5435.825	     0.000	     0.000	     0.000	     0.533
461.00	 1139.381	-5355.852	 3292.912	  11.456	 424.857	370.359	    30.377	     9.995	  5435.825	     0.000	     0.000	     0.000	     0.493
462.00	 1139.351	-5355.462	 3292.739	  11.035	 429.116	370.432	    33.112	     9.995	  5435.825	     0.000	     0.000	     0.000	     0.450
463.00	 1139.320	-5355.069	 3292.563	  10.610	 432.945	370.503	    35.696	     9.995	  5435.825	     0.000	     0.000	     0.000	     0.410
464.00	 1139.287	-5354.674	 3292.385	  10.181	 436.369	370.574	    38.284	     9.995	  5435.825	     0.000	     0.000	     0.000	     0.370
465.00	 1139.253	-5354.276	 3292.204	   9.749	 439.370	370.644	    40.965	     9.995	  5435.825	     0.000	     0.000	     0.000	     0.330
466.00	 1139.218	-5353.876	 3292.021	   9.313	 441.933	370.713	    43.729	     9.995	  5435.825	     0.000	     0.000	     0.000	     0.289
467.00	 1139.182	-5353.475	 3291.836	   8.876	 444.040	370.781	    46.565	     9.995	  5435.825	     0.000	     0.000	     0.000	     0.248
468.00	 1139.145	-5353.073	 3291.650	   8.436	 445.680	370.848	    49.459	     9.995	  5435.825	     0.000	     0.000	     0.000	     0.210
469.00	 1139.107	-5352.670	 3291.462	   7.994	 446.838	370.913	    52.395	     9.995	  5435.825	     0.000	     0.000	     0.000	     0.176
470.00	 1139.068	-5352.267	 3291.272	   7.552	 447.506	370.978	    55.354	     9.995	  5435.825	     0.000	     0.000	     0.000	     0.150
471.00	 1139.029	-5351.863	 3291.082	   7.108	 447.675	371.041	    58.319	     9.995	  5435.825	     0.000	     0.000	     0.000	     0.140
472.00	 1138.989	-5351.471	 3290.895	   6.675	 429.593	371.101	    56.912	     9.785	  5453.844	     0.000	     0.000	     0.896	     1.839
473.00	 1138.950	-5351.094	 3290.715	   6.259	 411.923	371.157	    54.857	     9.574	  5471.931	     0.000	     0.000	     0.896	     1.779
474.00	 1138.912	-5350.734	 3290.541	   5.860	 394.830	371.210	    52.709	     9.363	  5490.086	     0.000	     0.000	     0.896	     1.721
475.00	 1138.875	-5350.389	 3290.374	   5.477	 378.293	371.260	    50.489	     9.153	  5508.309	     0.000	     0.000	     0.896	     1.665
476.00	 1138.839	-5350.060	 3290.213	   5.111	 362.291	371.306	    48.217	     8.942	  5526.602	     0.000	     0.000	     0.896	     1.612
477.00	 1138.803	-5349.745	 3290.058	   4.760	 346.796	371.349	    45.908	     8.732	  5544.965	     0.000	     0.000	     0.896	     1.561
478.00	 1138.769	-5349.443	 3289.909	   4.424	 331.783	371.390	    43.577	     8.521	  5563.401	     0.000	     0.000	     0.896	     1.513
479.00	 1138.735	-5349.156	 3289.766	   4.102	 317.223	371.427	    41.237	     8.310	  5581.909	     0.000	     0.000	     0.896	     1.468
480.00	 1138.702	-5348.881	 3289.629	   3.795	 303.087	371.462	    38.900	     8.100	  5600.492	     0.000	     0.000	     0.896	     1.426
481.00	 1138.670	-5348.620	 3289.496	   3.501	 289.349	371.494	    36.576	     7.889	  5619.151	     0.000	     0.000	     0.896	     1.386
482.00	 1138.639	-5348.371	 3289.370	   3.221	 275.978	371.523	    34.272	     7.678	  5637.887	     0.000	     0.000	     0.896	     1.350
483.00	 1138.608	-5348.134	 3289.248	   2.953	 262.947	371.550	    31.997	     7.468	  5656.703	     0.000	     0.000	     0.896	     1.316
484.00	 1138.579	-5347.908	 3289.132	   2.698	 250.228	371.575	    29.757	     7.257	  5675.601	     0.000	     0.000	     0.896	     1.286
485.00	 1138.550	-5347.694	 3289.021	   2.456	 237.794	371.598	    27.560	     7.047	  5694.582	     0.000	     0.000	     0.896	     1.258
486.00	 1138.522	-5347.491	 3288.915	   2.226	 225.619	371.619	    25.409	     6.836	  5713.650	     0.000	     0.000	     0.896	     1.232
487.00	 1138.495	-5347.300	 3288.814	   2.008	 213.676	371.638	    23.311	     6.625	  5732.805	     0.000	     0.000	     0.896	     1.209
488.00	 1138.470	-5347.119	 3288.718	   1.801	 201.941	371.655	    21.270	     6.415	  5752.051	     0.000	     0.000	     0.896	     1.189
489.00	 1138.445	-5346.948	 3288.627	   1.606	 190.387	371.671	    19.291	     6.204	  5771.391	     0.000	     0.000	     0.896	     1.172
490.00	 1138.421	-5346.788	 3288.540	   1.423	 178.992	371.684	    17.378	     5.994	  5790.827	     0.000	     0.000	     0.896	     1.156
491.00	 1138.398	-5346.638	 3288.459	   1.250	 167.732	371.697	    15.536	     5.783	  5810.362	     0.000	     0.000	     0.896	     1.143
492.00	 1138.376	-5346.498	 3288.382	   1.089	 156.547	371.707	    13.765	     5.572	  5829.999	     0.000	     0.000	     0.896	     1.140
493.00	 1138.356	-5346.368	 3288.311	   0.939	 145.389	371.717	    12.063	     5.362	  5849.742	     0.000	     0.000	     0.896	     1.137
494.00	 1138.336	-5346.248	 3288.244	   0.800	 134.253	371.725	    10.442	     5.151	  5869.594	     0.000	     0.000	     0.896	     1.135
495.00	 1138.318	-5346.138	 3288.182	   0.672	 123.134	371.732	     8.909	     4.940	  5889.558	     0.000	     0.000	     0.896	     1.133
496.00	 1138.301	-5346.037	 3288.126	   0.555	 112.026	371.738	     7.472	     4.730	  5909.639	     0.000	     0.000	     0.896	     1.132
497.00	 1138.286	-5345.947	 3288.074	   0.449	 100.918	371.743	     6.141	     4.519	  5929.840	     0.000	     0.000	     0.896	     1.132
498.00	 1138.271	-5345.866	 3288.028	   0.355	  89.802	371.747	     4.921	     4.309	  5950.165	     0.000	     0.000	     0.896	     1.133
499.00	 1138.259	-5345.795	 3287.987	   0.271	  78.666	371.750	     3.821	     4.098	  5970.619	     0.000	     0.000	     0.896	     1.136
500.00	 1138.247	-5345.733	 3287.951	   0.199	  67.497	371.752	     2.847	     3.887	  5991.206	     0.000	     0.000	     0.896	     1.140
501.00	 1138.238	-5345.681	 3287.921	   0.137	  56.281	371.754	     2.004	     3.677	  6011.931	     0.000	     0.000	     0.896	     1.145
502.00	 1138.230	-5345.639	 3287.896	   0.087	  45.001	371.755	     1.301	     3.466	  6032.799	     0.000	     0.000	     0.896	     1.152
503.00	 1138.223	-5345.607	 3287.877	   0.049	  33.640	371.756	     0.742	     3.255	  6053.814	     0.000	     0.000	     0.896	     1.161
504.00	 1138.219	-5345.584	 3287.863	   0.021	  22.178	371.756	     0.335	     3.045	  6074.981	     0.000	     0.000	     0.896	     1.173
505.00	 1138.216	-5345.572	 3287.855	   0.005	  10.595	371.756	     0.085	     2.834	  6096.307	     0.000	     0.000	     0.896	     1.186
506.00	 1138.215	-5345.569	 3287.853	   0.001	   1.132	371.756	     0.000	     2.624	  6117.796	     0.000	     0.000	     0.896	     1.202
507.00	 1138.215	-5345.568	 3287.853	   0.000	   0.038	371.756	     0.001	     2.413	  6139.453	     0.000	     0.000	     0.896	     1.219
