#Time	x(km)		y(km)		z(km)		alt(km)	    relVel		dwnrng(km)	 Q(kPa)	   Fuel(tons) dV_tot	  dV_grav	  dv_drag		 throttle	accel (g's)
-59.10	  917.850	-5526.323	 3049.252	   0.000	   0.000	0.000	     0.000	   385.000	     0.000	     0.000	     0.000	     0.000	     0.000
-58.10	  917.850	-5526.323	 3049.252	   0.000	   0.000	0.000	     0.000	   385.000	     0.000	     0.000	     0.000	     0.000	     0.000
-57.10	  917.850	-5526.323	 3049.252	   0.000	   0.000	0.000	     0.000	   385.000	     0.000	     0.000	     0.000	     0.000	     0.000
-56.10	  917.850	-5526.323	 3049.252	   0.000	   0.000	0.000	     0.000	   385.000	     0.000	     0.000	     0.000	     0.000	     0.000
-55.10	  917.850	-5526.323	 3049.252	   0.000	   0.000	0.000	     0.000	   385.000	     0.000	     0.000	     0.000	     0.000	     0.000
-54.10	  917.850	-5526.323	 3049.252	   0.000	   0.000	0.000	     0.000	   385.000	     0.000	     0.000	     0.000	     0.000	     0.000
-53.10	  917.850	-5526.323	 3049.252	   0.000	   0.000	0.000	     0.000	   385.000	     0.000	     0.000	     0.000	     0.000	     0.000
-52.10	  917.850	-5526.323	 3049.252	   0.000	   0.000	0.000	     0.000	   385.000	     0.000	     0.000	     0.000	     0.000	     0.000
-51.10	  917.850	-5526.323	 3049.252	   0.000	   0.000	0.000	     0.000	   385.000	     0.000	     0.000	     0.000	     0.000	     0.000
-50.10	  917.850	-5526.323	 3049.252	   0.000	   0.000	0.000	     0.000	   385.000	     0.000	     0.000	     0.000	     0.000	     0.000
-49.10	  917.850	-5526.323	 3049.252	   0.000	   0.000	0.000	     0.000	   385.000	     0.000	     0.000	     0.000	     0.000	     0.000
-48.10	  917.850	-5526.323	 3049.252	   0.000	   0.000	0.000	     0.000	   385.000	     0.000	     0.000	     0.000	     0.000	     0.000
-47.10	  917.850	-5526.323	 3049.252	   0.000	   0.000	0.000	     0.000	   385.000	     0.000	     0.000	     0.000	     0.000	     0.000
-46.10	  917.850	-5526.323	 3049.252	   0.000	   0.000	0.000	     0.000	   385.000	     0.000	     0.000	     0.000	     0.000	     0.000
-45.10	  917.850	-5526.323	 3049.252	   0.000	   0.000	0.000	     0.000	   385.000	     0.000	     0.000	     0.000	     0.000	     0.000
-44.10	  917.850	-5526.323	 3049.252	   0.000	   0.000	0.000	     0.000	   385.000	     0.000	     0.000	     0.000	     0.000	     0.000
-43.10	  917.850	-5526.323	 3049.252	   0.000	   0.000	0.000	     0.000	   385.000	     0.000	     0.000	     0.000	     0.000	     0.000
-42.10	  917.850	-5526.323	 3049.252	   0.000	   0.000	0.000	     0.000	   385.000	     0.000	     0.000	     0.000	     0.000	     0.000
-41.10	  917.850	-5526.323	 3049.252	   0.000	   0.000	0.000	     0.000	   385.000	     0.000	     0.000	     0.000	     0.000	     0.000
-40.10	  917.850	-5526.323	 3049.252	   0.000	   0.000	0.000	     0.000	   385.000	     0.000	     0.000	     0.000	     0.000	     0.000
-39.10	  917.850	-5526.323	 3049.252	   0.000	   0.000	0.000	     0.000	   385.000	     0.000	     0.000	     0.000	     0.000	     0.000
-38.10	  917.850	-5526.323	 3049.252	   0.000	   0.000	0.000	     0.000	   385.000	     0.000	     0.000	     0.000	     0.000	     0.000
-37.10	  917.850	-5526.323	 3049.252	   0.000	   0.000	0.000	     0.000	   385.000	     0.000	     0.000	     0.000	     0.000	     0.000
-36.10	  917.850	-5526.323	 3049.252	   0.000	   0.000	0.000	     0.000	   385.000	     0.000	     0.000	     0.000	     0.000	     0.000
-35.10	  917.850	-5526.323	 3049.252	   0.000	   0.000	0.000	     0.000	   385.000	     0.000	     0.000	     0.000	     0.000	     0.000
-34.10	  917.850	-5526.323	 3049.252	   0.000	   0.000	0.000	     0.000	   385.000	     0.000	     0.000	     0.000	     0.000	     0.000
-33.10	  917.850	-5526.323	 3049.252	   0.000	   0.000	0.000	     0.000	   385.000	     0.000	     0.000	     0.000	     0.000	     0.000
-32.10	  917.850	-5526.323	 3049.252	   0.000	   0.000	0.000	     0.000	   385.000	     0.000	     0.000	     0.000	     0.000	     0.000
-31.10	  917.850	-5526.323	 3049.252	   0.000	   0.000	0.000	     0.000	   385.000	     0.000	     0.000	     0.000	     0.000	     0.000
-30.10	  917.850	-5526.323	 3049.252	   0.000	   0.000	0.000	     0.000	   385.000	     0.000	     0.000	     0.000	     0.000	     0.000
-29.10	  917.850	-5526.323	 3049.252	   0.000	   0.000	0.000	     0.000	   385.000	     0.000	     0.000	     0.000	     0.000	     0.000
-28.10	  917.850	-5526.323	 3049.252	   0.000	   0.000	0.000	     0.000	   385.000	     0.000	     0.000	     0.000	     0.000	     0.000
-27.10	  917.850	-5526.323	 3049.252	   0.000	   0.000	0.000	     0.000	   385.000	     0.000	     0.000	     0.000	     0.000	     0.000
-26.10	  917.850	-5526.323	 3049.252	   0.000	   0.000	0.000	     0.000	   385.000	     0.000	     0.000	     0.000	     0.000	     0.000
-25.10	  917.850	-5526.323	 3049.252	   0.000	   0.000	0.000	     0.000	   385.000	     0.000	     0.000	     0.000	     0.000	     0.000
-24.10	  917.850	-5526.323	 3049.252	   0.000	   0.000	0.000	     0.000	   385.000	     0.000	     0.000	     0.000	     0.000	     0.000
-23.10	  917.850	-5526.323	 3049.252	   0.000	   0.000	0.000	     0.000	   385.000	     0.000	     0.000	     0.000	     0.000	     0.000
-22.10	  917.850	-5526.323	 3049.252	   0.000	   0.000	0.000	     0.000	   385.000	     0.000	     0.000	     0.000	     0.000	     0.000
-21.10	  917.850	-5526.323	 3049.252	   0.000	   0.000	0.000	     0.000	   385.000	     0.000	     0.000	     0.000	     0.000	     0.000
-20.10	  917.850	-5526.323	 3049.252	   0.000	   0.000	0.000	     0.000	   385.000	     0.000	     0.000	     0.000	     0.000	     0.000
-19.10	  917.850	-5526.323	 3049.252	   0.000	   0.000	0.000	     0.000	   385.000	     0.000	     0.000	     0.000	     0.000	     0.000
-18.10	  917.850	-5526.323	 3049.252	   0.000	   0.000	0.000	     0.000	   385.000	     0.000	     0.000	     0.000	     0.000	     0.000
-17.10	  917.850	-5526.323	 3049.252	   0.000	   0.000	0.000	     0.000	   385.000	     0.000	     0.000	     0.000	     0.000	     0.000
-16.10	  917.850	-5526.323	 3049.252	   0.000	   0.000	0.000	     0.000	   385.000	     0.000	     0.000	     0.000	     0.000	     0.000
-15.10	  917.850	-5526.323	 3049.252	   0.000	   0.000	0.000	     0.000	   385.000	     0.000	     0.000	     0.000	     0.000	     0.000
-14.10	  917.850	-5526.323	 3049.252	   0.000	   0.000	0.000	     0.000	   385.000	     0.000	     0.000	     0.000	     0.000	     0.000
-13.10	  917.850	-5526.323	 3049.252	   0.000	   0.000	0.000	     0.000	   385.000	     0.000	     0.000	     0.000	     0.000	     0.000
-12.10	  917.850	-5526.323	 3049.252	   0.000	   0.000	0.000	     0.000	   385.000	     0.000	     0.000	     0.000	     0.000	     0.000
-11.10	  917.850	-5526.323	 3049.252	   0.000	   0.000	0.000	     0.000	   385.000	     0.000	     0.000	     0.000	     0.000	     0.000
-10.10	  917.850	-5526.323	 3049.252	   0.000	   0.000	0.000	     0.000	   385.000	     0.000	     0.000	     0.000	     0.000	     0.000
 -9.10	  917.850	-5526.323	 3049.252	   0.000	   0.000	0.000	     0.000	   385.000	     0.000	     0.000	     0.000	     0.000	     0.000
 -8.10	  917.850	-5526.323	 3049.252	   0.000	   0.000	0.000	     0.000	   385.000	     0.000	     0.000	     0.000	     0.000	     0.000
 -7.10	  917.850	-5526.323	 3049.252	   0.000	   0.000	0.000	     0.000	   385.000	     0.000	     0.000	     0.000	     0.000	     0.000
 -6.10	  917.850	-5526.323	 3049.252	   0.000	   0.000	0.000	     0.000	   385.000	     0.000	     0.000	     0.000	     0.000	     0.000
 -5.10	  917.850	-5526.323	 3049.252	   0.000	   0.000	0.000	     0.000	   385.000	     0.000	     0.000	     0.000	     0.000	     0.000
 -4.10	  917.850	-5526.323	 3049.252	   0.000	   0.000	0.000	     0.000	   385.000	     0.000	     0.000	     0.000	     0.000	     0.000
 -3.10	  917.850	-5526.323	 3049.252	   0.000	   0.000	0.000	     0.000	   385.000	     0.000	     0.000	     0.000	     0.000	     0.000
 -2.10	  917.850	-5526.323	 3049.252	   0.000	   0.000	0.000	     0.000	   385.000	     0.000	     0.000	     0.000	     0.000	     0.000
 -1.10	  917.850	-5526.323	 3049.252	   0.000	   0.000	0.000	     0.000	   383.097	    10.320	     0.000	     0.000	     1.000	     0.000
 -0.10	  917.850	-5526.323	 3049.252	   0.000	   0.000	0.000	     0.000	   380.982	    21.832	     0.000	     0.000	     1.000	     0.000
  0.00	  917.850	-5526.323	 3049.252	   0.000	   0.000	0.000	     0.000	   380.770	    22.986	     0.000	     0.000	     1.000	     0.000
  1.00	  917.850	-5526.324	 3049.252	   0.001	   1.616	0.000	     0.001	   378.867	    33.392	     0.000	     0.000	     1.000	     0.182
  2.00	  917.850	-5526.326	 3049.254	   0.004	   3.457	0.000	     0.007	   376.752	    45.001	     0.000	     0.000	     1.000	     0.187
  3.00	  917.851	-5526.330	 3049.256	   0.008	   5.347	0.000	     0.016	   374.637	    56.660	     0.000	     0.000	     1.000	     0.193
  4.00	  917.852	-5526.336	 3049.259	   0.014	   7.287	0.000	     0.031	   372.522	    68.369	     0.000	     0.000	     1.000	     0.198
  5.00	  917.853	-5526.343	 3049.263	   0.023	   9.278	0.001	     0.051	   370.407	    80.128	     0.000	     0.000	     1.000	     0.203
  6.00	  917.854	-5526.352	 3049.268	   0.033	  11.321	0.001	     0.076	   368.292	    91.939	     0.000	     0.000	     1.000	     0.208
  7.00	  917.856	-5526.363	 3049.274	   0.046	  13.415	0.001	     0.107	   366.178	   103.803	     0.000	     0.000	     1.000	     0.214
  8.00	  917.857	-5526.376	 3049.281	   0.060	  15.550	0.001	     0.144	   364.063	   115.720	     0.000	     0.000	     1.000	     0.224
  9.00	  917.860	-5526.390	 3049.289	   0.077	  17.752	0.001	     0.188	   361.948	   127.690	     0.000	     0.000	     1.000	     0.229
 10.00	  917.863	-5526.406	 3049.299	   0.096	  20.017	0.001	     0.239	   359.833	   139.716	     0.000	     0.000	     1.000	     0.234
 11.00	  917.867	-5526.424	 3049.310	   0.117	  22.343	0.002	     0.298	   357.718	   151.796	     0.000	     0.000	     1.000	     0.240
 12.00	  917.872	-5526.444	 3049.323	   0.141	  24.730	0.004	     0.365	   355.603	   163.933	     0.000	     0.000	     1.000	     0.246
 13.00	  917.877	-5526.465	 3049.337	   0.167	  27.177	0.006	     0.440	   353.488	   176.127	     0.000	     0.000	     1.000	     0.251
 14.00	  917.882	-5526.489	 3049.353	   0.195	  29.684	0.009	     0.524	   351.373	   188.379	     0.000	     0.000	     1.000	     0.257
 15.00	  917.889	-5526.514	 3049.370	   0.226	  32.250	0.012	     0.618	   349.258	   200.690	     0.000	     0.000	     1.000	     0.263
 16.00	  917.896	-5526.541	 3049.388	   0.260	  34.877	0.016	     0.721	   347.144	   213.061	     0.000	     0.000	     1.000	     0.269
 17.00	  917.904	-5526.571	 3049.409	   0.296	  37.564	0.020	     0.834	   345.029	   225.492	     0.000	     0.000	     1.000	     0.275
 18.00	  917.912	-5526.602	 3049.430	   0.334	  40.313	0.025	     0.957	   342.914	   237.985	     0.000	     0.000	     1.000	     0.281
 19.00	  917.921	-5526.636	 3049.454	   0.376	  43.124	0.030	     1.092	   340.799	   250.540	     0.000	     0.000	     1.000	     0.288
 20.00	  917.931	-5526.672	 3049.479	   0.420	  45.998	0.036	     1.238	   338.684	   263.158	     0.000	     0.000	     1.000	     0.294
 21.00	  917.942	-5526.710	 3049.506	   0.467	  48.935	0.043	     1.395	   336.569	   275.841	     0.000	     0.000	     1.000	     0.300
 22.00	  917.953	-5526.750	 3049.534	   0.518	  51.936	0.049	     1.565	   334.454	   288.590	     0.000	     0.000	     1.000	     0.307
 23.00	  917.965	-5526.793	 3049.564	   0.571	  55.003	0.057	     1.746	   332.339	   301.404	     0.000	     0.000	     1.000	     0.314
 24.00	  917.978	-5526.838	 3049.596	   0.627	  58.135	0.064	     1.941	   330.224	   314.286	     0.000	     0.000	     1.000	     0.320
 25.00	  917.992	-5526.886	 3049.630	   0.686	  61.335	0.073	     2.149	   328.110	   327.237	     0.000	     0.000	     1.000	     0.327
 26.00	  918.006	-5526.936	 3049.666	   0.749	  64.602	0.082	     2.370	   325.995	   340.257	     0.000	     0.000	     1.000	     0.334
 27.00	  918.021	-5526.989	 3049.704	   0.814	  67.939	0.091	     2.606	   323.880	   353.348	     0.000	     0.000	     1.000	     0.341
 28.00	  918.037	-5527.045	 3049.743	   0.884	  71.345	0.101	     2.855	   321.765	   366.510	     0.000	     0.000	     1.000	     0.348
 29.00	  918.054	-5527.103	 3049.785	   0.956	  74.822	0.111	     3.119	   319.650	   379.745	     0.000	     0.000	     1.000	     0.356
 30.00	  918.071	-5527.164	 3049.828	   1.032	  78.371	0.122	     3.397	   317.535	   393.054	     0.000	     0.000	     1.000	     0.363
 31.00	  918.090	-5527.228	 3049.874	   1.112	  81.993	0.133	     3.690	   315.420	   406.438	     0.000	     0.000	     1.000	     0.371
 32.00	  918.109	-5527.294	 3049.921	   1.195	  85.688	0.145	     3.998	   313.305	   419.898	     0.000	     0.000	     1.000	     0.378
 33.00	  918.129	-5527.364	 3049.971	   1.282	  89.459	0.157	     4.321	   311.190	   433.435	     0.000	     0.000	     1.000	     0.386
 34.00	  918.150	-5527.437	 3050.023	   1.372	  93.306	0.170	     4.660	   309.076	   447.051	     0.000	     0.000	     1.000	     0.394
 35.00	  918.171	-5527.513	 3050.077	   1.467	  97.230	0.184	     5.014	   306.961	   460.747	     0.000	     0.000	     1.000	     0.402
 36.00	  918.194	-5527.592	 3050.133	   1.565	 101.233	0.198	     5.383	   304.846	   474.524	     0.000	     0.000	     1.000	     0.410
 37.00	  918.217	-5527.674	 3050.192	   1.668	 105.315	0.212	     5.768	   302.731	   488.382	     0.000	     0.000	     1.000	     0.418
 38.00	  918.242	-5527.760	 3050.253	   1.774	 109.477	0.227	     6.168	   300.616	   502.325	     0.000	     0.000	     1.000	     0.426
 39.00	  918.267	-5527.849	 3050.316	   1.885	 113.722	0.243	     6.583	   298.501	   516.352	     0.000	     0.000	     1.000	     0.435
 40.00	  918.293	-5527.941	 3050.382	   2.000	 118.049	0.259	     7.013	   296.386	   530.464	     0.000	     0.000	     1.000	     0.443
 41.00	  918.320	-5528.037	 3050.450	   2.119	 122.461	0.275	     7.458	   294.271	   544.664	     0.000	     0.000	     1.000	     0.452
 42.00	  918.348	-5528.136	 3050.520	   2.243	 126.958	0.292	     7.918	   292.156	   558.953	     0.000	     0.000	     1.000	     0.461
 43.00	  918.377	-5528.240	 3050.593	   2.371	 131.542	0.310	     8.391	   290.042	   573.331	     0.000	     0.000	     1.000	     0.469
 44.00	  918.408	-5528.346	 3050.669	   2.504	 136.214	0.328	     8.878	   287.927	   587.801	     0.000	     0.000	     1.000	     0.478
 45.00	  918.439	-5528.457	 3050.747	   2.642	 140.975	0.347	     9.379	   285.812	   602.363	     0.000	     0.000	     1.000	     0.488
 46.00	  918.471	-5528.572	 3050.828	   2.784	 145.826	0.366	     9.891	   283.697	   617.018	     0.000	     0.000	     1.000	     0.497
 47.00	  918.504	-5528.690	 3050.911	   2.931	 150.769	0.386	    10.416	   281.582	   631.769	     0.000	     0.000	     1.000	     0.506
 48.00	  918.538	-5528.813	 3050.998	   3.084	 155.805	0.406	    10.951	   279.467	   646.616	     0.000	     0.000	     1.000	     0.516
 49.00	  918.573	-5528.940	 3051.087	   3.241	 160.936	0.427	    11.497	   277.352	   661.561	     0.000	     0.000	     1.000	     0.526
 50.00	  918.609	-5529.071	 3051.179	   3.403	 166.162	0.449	    12.053	   275.237	   676.606	     0.000	     0.000	     1.000	     0.535
 51.00	  918.646	-5529.206	 3051.274	   3.571	 171.483	0.471	    12.616	   273.122	   691.750	     0.000	     0.000	     1.000	     0.545
 52.00	  918.685	-5529.346	 3051.371	   3.744	 176.899	0.493	    13.186	   271.008	   706.997	     0.000	     0.000	     1.000	     0.555
 53.00	  918.724	-5529.490	 3051.472	   3.922	 182.412	0.517	    13.761	   268.893	   722.347	     0.000	     0.000	     1.000	     0.565
 54.00	  918.765	-5529.638	 3051.576	   4.106	 188.023	0.540	    14.341	   266.778	   737.801	     0.000	     0.000	     1.000	     0.575
 55.00	  918.806	-5529.792	 3051.683	   4.296	 193.733	0.565	    14.923	   264.663	   753.362	     0.000	     0.000	     1.000	     0.585
 56.00	  918.850	-5529.949	 3051.793	   4.491	 199.608	0.590	    15.516	   262.548	   769.030	     0.000	     0.000	     1.000	     0.616
 57.00	  918.895	-5530.111	 3051.908	   4.692	 205.591	0.618	    16.111	   260.433	   784.806	     0.000	     0.000	     1.000	     0.629
 58.00	  918.942	-5530.276	 3052.027	   4.899	 211.685	0.648	    16.705	   258.318	   800.693	     0.000	     0.000	     1.000	     0.641
 59.00	  918.992	-5530.446	 3052.150	   5.112	 217.892	0.680	    17.298	   256.203	   816.691	     0.000	     0.000	     1.000	     0.654
 60.00	  919.044	-5530.620	 3052.278	   5.330	 224.213	0.714	    17.886	   254.088	   832.802	     0.000	     0.000	     1.000	     0.667
 61.00	  919.098	-5530.797	 3052.410	   5.555	 230.649	0.751	    18.469	   251.974	   849.028	     0.000	     0.000	     1.000	     0.680
 62.00	  919.155	-5530.979	 3052.547	   5.786	 237.202	0.791	    19.044	   249.859	   865.368	     0.000	     0.000	     1.000	     0.693
 63.00	  919.214	-5531.165	 3052.688	   6.023	 243.874	0.833	    19.610	   247.744	   881.826	     0.000	     0.000	     1.000	     0.707
 64.00	  919.276	-5531.355	 3052.835	   6.266	 250.666	0.878	    20.164	   245.629	   898.402	     0.000	     0.000	     1.000	     0.721
 65.00	  919.340	-5531.550	 3052.987	   6.516	 257.580	0.927	    20.705	   243.514	   915.097	     0.000	     0.000	     1.000	     0.734
 66.00	  919.408	-5531.748	 3053.144	   6.772	 264.618	0.978	    21.229	   241.399	   931.913	     0.000	     0.000	     1.000	     0.748
 67.00	  919.478	-5531.951	 3053.306	   7.035	 271.781	1.033	    21.735	   239.284	   948.852	     0.000	     0.000	     1.000	     0.763
 68.00	  919.551	-5532.157	 3053.474	   7.305	 279.070	1.091	    22.221	   237.169	   965.914	     0.000	     0.000	     1.000	     0.777
 69.00	  919.627	-5532.368	 3053.647	   7.581	 286.488	1.153	    22.684	   235.054	   983.100	     0.000	     0.000	     1.000	     0.792
 70.00	  919.707	-5532.583	 3053.826	   7.864	 294.036	1.218	    23.123	   232.940	  1000.413	     0.000	     0.000	     1.000	     0.807
 71.00	  919.789	-5532.803	 3054.011	   8.154	 301.716	1.287	    23.534	   230.825	  1017.853	     0.000	     0.000	     1.000	     0.822
 72.00	  919.875	-5533.026	 3054.203	   8.452	 309.529	1.361	    23.915	   228.710	  1035.421	     0.000	     0.000	     1.000	     0.837
 73.00	  919.965	-5533.254	 3054.400	   8.756	 317.478	1.438	    24.265	   226.595	  1053.119	     0.000	     0.000	     1.000	     0.852
 74.00	  920.058	-5533.486	 3054.603	   9.067	 325.564	1.520	    24.581	   224.480	  1070.949	     0.000	     0.000	     1.000	     0.868
 75.00	  920.155	-5533.722	 3054.814	   9.386	 333.790	1.606	    24.860	   222.365	  1088.910	     0.000	     0.000	     1.000	     0.884
 76.00	  920.255	-5533.962	 3055.030	   9.711	 342.156	1.697	    25.102	   220.250	  1107.006	     0.000	     0.000	     1.000	     0.900
 77.00	  920.359	-5534.207	 3055.254	  10.045	 350.665	1.793	    25.303	   218.135	  1125.236	     0.000	     0.000	     1.000	     0.916
 78.00	  920.468	-5534.455	 3055.484	  10.386	 359.319	1.894	    25.462	   216.021	  1143.602	     0.000	     0.000	     1.000	     0.932
 79.00	  920.580	-5534.708	 3055.721	  10.734	 368.120	1.999	    25.577	   213.906	  1162.105	     0.000	     0.000	     1.000	     0.949
 80.00	  920.697	-5534.965	 3055.966	  11.090	 377.070	2.110	    25.588	   211.791	  1180.747	     0.000	     0.000	     1.000	     0.966
 81.00	  920.818	-5535.226	 3056.218	  11.454	 386.175	2.227	    25.353	   209.676	  1199.528	     0.000	     0.000	     1.000	     0.983
 82.00	  920.943	-5535.491	 3056.478	  11.825	 395.437	2.349	    25.081	   207.561	  1218.450	     0.000	     0.000	     1.000	     1.001
 83.00	  921.073	-5535.761	 3056.745	  12.205	 404.858	2.477	    24.773	   205.446	  1237.513	     0.000	     0.000	     1.000	     1.019
 84.00	  921.208	-5536.034	 3057.020	  12.592	 414.441	2.611	    24.431	   203.331	  1256.719	     0.000	     0.000	     1.000	     1.037
 85.00	  921.347	-5536.312	 3057.303	  12.988	 424.192	2.751	    24.057	   201.216	  1276.069	     0.000	     0.000	     1.000	     1.056
 86.10	  921.506	-5536.622	 3057.624	  13.433	 435.124	2.913	    23.610	   198.890	  1297.520	     0.000	     0.000	     1.000	     1.078
 87.10	  921.656	-5536.908	 3057.924	  13.845	 445.253	3.067	    23.174	   196.775	  1317.174	     0.000	     0.000	     1.000	     1.097
 88.10	  921.811	-5537.199	 3058.233	  14.267	 455.565	3.227	    22.711	   194.660	  1336.975	     0.000	     0.000	     1.000	     1.117
 89.10	  921.972	-5537.493	 3058.551	  14.696	 466.062	3.395	    22.222	   192.545	  1356.924	     0.000	     0.000	     1.000	     1.138
 90.10	  922.137	-5537.792	 3058.877	  15.135	 476.746	3.569	    21.710	   190.430	  1377.023	     0.000	     0.000	     1.000	     1.158
 91.10	  922.308	-5538.094	 3059.213	  15.582	 487.619	3.751	    21.175	   188.315	  1397.272	     0.000	     0.000	     1.000	     1.179
 92.10	  922.485	-5538.401	 3059.558	  16.037	 498.683	3.940	    20.621	   186.201	  1417.672	     0.000	     0.000	     1.000	     1.199
 93.10	  922.668	-5538.712	 3059.912	  16.502	 509.941	4.137	    20.049	   184.086	  1438.226	     0.000	     0.000	     1.000	     1.220
 94.10	  922.857	-5539.027	 3060.276	  16.976	 521.394	4.342	    19.461	   181.971	  1458.934	     0.000	     0.000	     1.000	     1.241
 95.10	  923.051	-5539.346	 3060.649	  17.458	 533.044	4.555	    18.860	   179.856	  1479.798	     0.000	     0.000	     1.000	     1.263
 96.10	  923.252	-5539.669	 3061.033	  17.950	 544.893	4.777	    18.246	   177.741	  1500.818	     0.000	     0.000	     1.000	     1.284
 97.10	  923.459	-5539.995	 3061.427	  18.451	 556.944	5.007	    17.623	   175.626	  1521.998	     0.000	     0.000	     1.000	     1.306
 98.10	  923.673	-5540.326	 3061.831	  18.961	 569.197	5.245	    16.993	   173.511	  1543.338	     0.000	     0.000	     1.000	     1.328
 99.10	  923.893	-5540.661	 3062.245	  19.481	 581.656	5.493	    16.357	   171.396	  1564.840	     0.000	     0.000	     1.000	     1.350
100.10	  924.120	-5541.000	 3062.670	  20.011	 594.321	5.749	    15.718	   169.281	  1586.505	     0.000	     0.000	     1.000	     1.372
101.10	  924.354	-5541.343	 3063.107	  20.549	 607.196	6.015	    15.018	   167.167	  1608.336	     0.000	     0.000	     1.000	     1.394
102.10	  924.595	-5541.690	 3063.554	  21.098	 620.283	6.291	    14.320	   165.052	  1630.334	     0.000	     0.000	     1.000	     1.417
103.10	  924.843	-5542.040	 3064.012	  21.657	 633.583	6.576	    13.629	   162.937	  1652.500	     0.000	     0.000	     1.000	     1.439
104.10	  925.098	-5542.395	 3064.482	  22.225	 647.099	6.871	    12.947	   160.822	  1674.838	     0.000	     0.000	     1.000	     1.462
105.10	  925.361	-5542.753	 3064.964	  22.804	 660.832	7.177	    12.277	   158.707	  1697.348	     0.000	     0.000	     1.000	     1.485
106.10	  925.631	-5543.115	 3065.458	  23.392	 674.784	7.493	    11.620	   156.592	  1720.034	     0.000	     0.000	     1.000	     1.508
107.10	  925.909	-5543.481	 3065.963	  23.991	 688.958	7.819	    10.978	   154.477	  1742.896	     0.000	     0.000	     1.000	     1.532
108.10	  926.195	-5543.851	 3066.481	  24.600	 703.356	8.156	    10.351	   152.362	  1765.938	     0.000	     0.000	     1.000	     1.555
109.10	  926.489	-5544.225	 3067.011	  25.219	 718.041	8.505	     0.000	   150.248	  1789.182	     0.000	     0.000	     1.000	     1.599
110.10	  926.791	-5544.603	 3067.554	  25.850	 733.089	8.864	     0.000	   148.133	  1812.639	     0.000	     0.000	     1.000	     1.621
111.10	  927.101	-5544.984	 3068.110	  26.490	 748.353	9.236	     0.000	   146.018	  1836.278	     0.000	     0.000	     1.000	     1.644
112.10	  927.420	-5545.369	 3068.679	  27.142	 763.835	9.619	     0.000	   143.903	  1860.101	     0.000	     0.000	     1.000	     1.667
113.10	  927.748	-5545.758	 3069.262	  27.805	 779.537	10.014	     0.000	   141.788	  1884.113	     0.000	     0.000	     1.000	     1.690
114.10	  928.084	-5546.151	 3069.858	  28.479	 795.464	10.421	     0.000	   139.673	  1908.315	     0.000	     0.000	     1.000	     1.714
115.10	  928.429	-5546.547	 3070.467	  29.164	 811.617	10.841	     0.000	   137.558	  1932.711	     0.000	     0.000	     1.000	     1.737
116.10	  928.784	-5546.948	 3071.091	  29.860	 828.000	11.274	     0.000	   135.443	  1957.304	     0.000	     0.000	     1.000	     1.762
117.10	  929.147	-5547.351	 3071.729	  30.567	 844.616	11.719	     0.000	   133.328	  1982.097	     0.000	     0.000	     1.000	     1.786
118.10	  929.520	-5547.759	 3072.381	  31.286	 861.468	12.178	     0.000	   131.214	  2007.093	     0.000	     0.000	     1.000	     1.810
119.10	  929.903	-5548.170	 3073.048	  32.016	 878.561	12.650	     0.000	   129.099	  2032.296	     0.000	     0.000	     1.000	     1.835
120.10	  930.295	-5548.585	 3073.730	  32.758	 895.896	13.135	     0.000	   126.984	  2057.709	     0.000	     0.000	     1.000	     1.861
121.10	  930.697	-5549.003	 3074.426	  33.512	 913.478	13.635	     0.000	   124.869	  2083.336	     0.000	     0.000	     1.000	     1.886
122.10	  931.109	-5549.425	 3075.138	  34.277	 931.310	14.148	     0.000	   122.754	  2109.181	     0.000	     0.000	     1.000	     1.912
123.10	  931.531	-5549.850	 3075.865	  35.055	 949.396	14.676	     0.000	   120.639	  2135.246	     0.000	     0.000	     1.000	     1.938
124.10	  931.964	-5550.279	 3076.607	  35.844	 967.739	15.218	     0.000	   118.524	  2161.537	     0.000	     0.000	     1.000	     1.965
125.10	  932.407	-5550.711	 3077.366	  36.646	 986.344	15.776	     0.000	   116.409	  2188.056	     0.000	     0.000	     1.000	     1.992
126.10	  932.860	-5551.146	 3078.140	  37.460	1005.214	16.348	     0.000	   114.294	  2214.808	     0.000	     0.000	     1.000	     2.019
127.10	  933.325	-5551.585	 3078.931	  38.286	1024.353	16.935	     0.000	   112.180	  2241.797	     0.000	     0.000	     1.000	     2.047
128.10	  933.800	-5552.028	 3079.738	  39.124	1043.765	17.538	     0.000	   110.065	  2269.027	     0.000	     0.000	     1.000	     2.075
129.10	  934.287	-5552.473	 3080.562	  39.976	1063.455	18.157	     0.000	   107.950	  2296.503	     0.000	     0.000	     1.000	     2.104
130.10	  934.784	-5552.923	 3081.403	  40.840	1083.427	18.791	     0.000	   105.835	  2324.229	     0.000	     0.000	     1.000	     2.133
131.10	  935.293	-5553.375	 3082.261	  41.716	1103.685	19.442	     0.000	   103.720	  2352.209	     0.000	     0.000	     1.000	     2.162
132.10	  935.814	-5553.831	 3083.136	  42.606	1124.234	20.110	     0.000	   101.605	  2380.449	     0.000	     0.000	     1.000	     2.192
133.10	  936.347	-5554.290	 3084.030	  43.509	1145.079	20.794	     0.000	    99.490	  2408.952	     0.000	     0.000	     1.000	     2.222
134.10	  936.892	-5554.752	 3084.941	  44.425	1166.224	21.495	     0.000	    97.375	  2437.726	     0.000	     0.000	     1.000	     2.253
135.10	  937.449	-5555.218	 3085.870	  45.355	1187.674	22.214	     0.000	    95.260	  2466.773	     0.000	     0.000	     1.000	     2.284
136.10	  938.018	-5555.686	 3086.817	  46.298	1209.434	22.950	     0.000	    93.146	  2496.100	     0.000	     0.000	     1.000	     2.316
137.10	  938.599	-5556.158	 3087.784	  47.255	1231.511	23.704	     0.000	    91.031	  2525.712	     0.000	     0.000	     1.000	     2.348
138.10	  939.194	-5556.634	 3088.769	  48.225	1253.908	24.476	     0.000	    88.916	  2555.614	     0.000	     0.000	     1.000	     2.381
139.10	  939.801	-5557.112	 3089.773	  49.210	1276.632	25.266	     0.000	    86.801	  2585.813	     0.000	     0.000	     1.000	     2.414
140.10	  940.422	-5557.594	 3090.797	  50.208	1299.689	26.075	     0.000	    84.686	  2616.314	     0.000	     0.000	     1.000	     2.448
141.10	  941.056	-5558.078	 3091.841	  51.221	1323.083	26.903	     0.000	    82.571	  2647.124	     0.000	     0.000	     1.000	     2.483
142.10	  941.703	-5558.566	 3092.904	  52.249	1346.822	27.751	     0.000	    80.456	  2678.248	     0.000	     0.000	     1.000	     2.518
143.10	  942.364	-5559.058	 3093.988	  53.291	1370.912	28.618	     0.000	    78.341	  2709.694	     0.000	     0.000	     1.000	     2.553
144.10	  943.039	-5559.552	 3095.093	  54.348	1395.359	29.504	     0.000	    76.226	  2741.468	     0.000	     0.000	     1.000	     2.590
145.10	  943.728	-5560.049	 3096.218	  55.419	1420.169	30.411	     0.000	    74.112	  2773.576	     0.000	     0.000	     1.000	     2.627
146.10	  944.431	-5560.550	 3097.365	  56.506	1445.351	31.338	     0.000	    71.997	  2806.026	     0.000	     0.000	     1.000	     2.665
147.10	  945.149	-5561.054	 3098.533	  57.609	1470.910	32.286	     0.000	    69.882	  2838.826	     0.000	     0.000	     1.000	     2.703
148.10	  945.882	-5561.561	 3099.722	  58.726	1496.855	33.255	     0.000	    67.767	  2871.982	     0.000	     0.000	     1.000	     2.742
149.10	  946.630	-5562.071	 3100.934	  59.860	1523.192	34.246	     0.000	    65.652	  2905.504	     0.000	     0.000	     1.000	     2.782
150.10	  947.393	-5562.584	 3102.169	  61.009	1549.930	35.258	     0.000	    63.537	  2939.398	     0.000	     0.000	     1.000	     2.823
151.10	  948.171	-5563.100	 3103.426	  62.175	1577.077	36.292	     0.000	    61.422	  2973.673	     0.000	     0.000	     1.000	     2.865
152.10	  948.965	-5563.620	 3104.706	  63.357	1604.642	37.349	     0.000	    59.307	  3008.339	     0.000	     0.000	     1.000	     2.907
153.10	  949.775	-5564.143	 3106.010	  64.555	1632.632	38.428	     0.000	    57.192	  3043.403	     0.000	     0.000	     1.000	     2.950
154.10	  950.601	-5564.669	 3107.337	  65.770	1661.058	39.530	     0.000	    55.078	  3078.876	     0.000	     0.000	     1.000	     2.995
155.10	  951.444	-5565.198	 3108.689	  67.003	1689.928	40.656	     0.000	    52.963	  3114.766	     0.000	     0.000	     1.000	     3.040
156.10	  952.303	-5565.730	 3110.065	  68.252	1719.252	41.805	     0.000	    50.848	  3151.084	     0.000	     0.000	     1.000	     3.086
157.10	  953.180	-5566.266	 3111.466	  69.519	1749.041	42.979	     0.000	    48.733	  3187.841	     0.000	     0.000	     1.000	     3.133
158.10	  954.073	-5566.805	 3112.892	  70.804	1779.305	44.177	     0.000	    46.618	  3225.046	     0.000	     0.000	     1.000	     3.182
159.10	  954.984	-5567.347	 3114.344	  72.107	1810.054	45.399	     0.000	    44.503	  3262.711	     0.000	     0.000	     1.000	     3.231
160.10	  955.913	-5567.892	 3115.821	  73.427	1837.462	46.647	     0.000	    42.600	  3297.012	     0.000	     0.000	     0.000	     0.977
161.10	  956.846	-5568.433	 3117.304	  74.749	1830.573	47.904	     0.000	    42.600	  3297.012	     0.000	     0.000	     0.000	     0.977
162.10	  957.777	-5568.965	 3118.782	  76.061	1823.708	49.160	     0.000	    42.600	  3297.012	     0.000	     0.000	     0.000	     0.977
163.10	  958.708	-5569.490	 3120.255	  77.364	1816.868	50.415	     0.000	    42.600	  3297.012	     0.000	     0.000	     0.000	     0.976
164.10	  959.636	-5570.006	 3121.724	  78.658	1809.026	51.670	     0.000	    42.600	  3297.012	     0.000	     0.000	     0.000	     2.448
165.10	  960.563	-5570.513	 3123.187	  79.941	1802.241	52.924	     0.000	    42.600	  3297.012	     0.000	     0.000	     0.000	     0.975
166.10	  961.488	-5571.012	 3124.646	  81.216	1795.482	54.178	     0.000	    42.600	  3297.012	     0.000	     0.000	     0.000	     0.975
167.10	  962.412	-5571.503	 3126.100	  82.481	1788.749	55.430	     0.000	    42.600	  3297.012	     0.000	     0.000	     0.000	     0.975
168.10	  963.335	-5571.986	 3127.549	  83.736	1782.042	56.683	     0.000	    42.600	  3297.012	     0.000	     0.000	     0.000	     0.974
169.10	  964.256	-5572.461	 3128.994	  84.983	1775.361	57.934	     0.000	    42.600	  3297.012	     0.000	     0.000	     0.000	     0.974
170.10	  965.175	-5572.928	 3130.435	  86.221	1768.707	59.186	     0.000	    42.600	  3297.012	     0.000	     0.000	     0.000	     0.974
171.10	  966.093	-5573.386	 3131.870	  87.449	1762.080	60.436	     0.000	    42.600	  3297.012	     0.000	     0.000	     0.000	     0.973
172.10	  967.010	-5573.837	 3133.301	  88.668	1755.480	61.686	     0.000	    42.600	  3297.012	     0.000	     0.000	     0.000	     0.973
173.10	  967.925	-5574.280	 3134.728	  89.878	1748.907	62.935	     0.000	    42.600	  3297.012	     0.000	     0.000	     0.000	     0.972
174.10	  968.838	-5574.714	 3136.150	  91.079	1742.362	64.184	     0.000	    42.600	  3297.012	     0.000	     0.000	     0.000	     0.972
175.10	  969.751	-5575.141	 3137.567	  92.271	1735.844	65.432	     0.000	    42.600	  3297.012	     0.000	     0.000	     0.000	     0.972
176.10	  970.661	-5575.559	 3138.979	  93.453	1729.355	66.680	     0.000	    42.600	  3297.012	     0.000	     0.000	     0.000	     0.971
177.10	  971.570	-5575.970	 3140.387	  94.627	1722.894	67.927	     0.000	    42.600	  3297.012	     0.000	     0.000	     0.000	     0.971
178.10	  972.478	-5576.372	 3141.791	  95.791	1716.461	69.174	     0.000	    42.600	  3297.012	     0.000	     0.000	     0.000	     0.971
179.10	  973.384	-5576.766	 3143.189	  96.946	1710.057	70.420	     0.000	    42.600	  3297.012	     0.000	     0.000	     0.000	     0.970
180.10	  974.289	-5577.153	 3144.583	  98.092	1703.682	71.665	     0.000	    42.600	  3297.012	     0.000	     0.000	     0.000	     0.970
181.10	  975.192	-5577.531	 3145.973	  99.229	1697.336	72.910	     0.000	    42.600	  3297.012	     0.000	     0.000	     0.000	     0.970
182.10	  976.093	-5577.901	 3147.358	 100.357	1691.020	74.154	     0.000	    42.600	  3297.012	     0.000	     0.000	     0.000	     0.969
183.10	  976.994	-5578.264	 3148.738	 101.476	1684.734	75.398	     0.000	    42.600	  3297.012	     0.000	     0.000	     0.000	     0.969
184.10	  977.892	-5578.618	 3150.114	 102.585	1678.478	76.641	     0.000	    42.600	  3297.012	     0.000	     0.000	     0.000	     0.969
185.10	  978.790	-5578.964	 3151.485	 103.686	1672.252	77.884	     0.000	    42.600	  3297.012	     0.000	     0.000	     0.000	     0.968
186.10	  979.685	-5579.303	 3152.851	 104.777	1666.056	79.126	     0.000	    42.600	  3297.012	     0.000	     0.000	     0.000	     0.968
187.10	  980.580	-5579.633	 3154.213	 105.859	1659.892	80.368	     0.000	    42.600	  3297.012	     0.000	     0.000	     0.000	     0.968
188.10	  981.473	-5579.955	 3155.570	 106.933	1653.758	81.609	     0.000	    42.600	  3297.012	     0.000	     0.000	     0.000	     0.967
189.10	  982.364	-5580.269	 3156.923	 107.997	1647.656	82.850	     0.000	    42.600	  3297.012	     0.000	     0.000	     0.000	     0.967
190.10	  983.254	-5580.576	 3158.271	 109.051	1641.586	84.090	     0.000	    42.600	  3297.012	     0.000	     0.000	     0.000	     0.967
191.10	  984.142	-5580.874	 3159.614	 110.097	1635.547	85.330	     0.000	    42.600	  3297.012	     0.000	     0.000	     0.000	     0.966
192.10	  985.029	-5581.164	 3160.953	 111.134	1629.541	86.569	     0.000	    42.600	  3297.012	     0.000	     0.000	     0.000	     0.966
193.10	  985.915	-5581.447	 3162.287	 112.162	1623.567	87.808	     0.000	    42.600	  3297.012	     0.000	     0.000	     0.000	     0.966
194.10	  986.799	-5581.721	 3163.617	 113.180	1617.627	89.046	     0.000	    42.600	  3297.012	     0.000	     0.000	     0.000	     0.965
195.10	  987.681	-5581.987	 3164.942	 114.190	1611.719	90.284	     0.000	    42.600	  3297.012	     0.000	     0.000	     0.000	     0.965
196.10	  988.562	-5582.246	 3166.262	 115.190	1605.845	91.521	     0.000	    42.600	  3297.012	     0.000	     0.000	     0.000	     0.965
197.10	  989.442	-5582.496	 3167.578	 116.182	1600.004	92.758	     0.000	    42.600	  3297.012	     0.000	     0.000	     0.000	     0.965
198.10	  990.320	-5582.739	 3168.889	 117.164	1594.197	93.994	     0.000	    42.600	  3297.012	     0.000	     0.000	     0.000	     0.964
199.10	  991.196	-5582.973	 3170.195	 118.137	1588.425	95.230	     0.000	    42.600	  3297.012	     0.000	     0.000	     0.000	     0.964
200.10	  992.072	-5583.200	 3171.497	 119.101	1582.688	96.465	     0.000	    42.600	  3297.012	     0.000	     0.000	     0.000	     0.964
201.10	  992.945	-5583.418	 3172.795	 120.056	1576.985	97.700	     0.000	    42.600	  3297.012	     0.000	     0.000	     0.000	     0.963
202.10	  993.818	-5583.629	 3174.087	 121.002	1571.318	98.935	     0.000	    42.600	  3297.012	     0.000	     0.000	     0.000	     0.963
203.10	  994.688	-5583.831	 3175.375	 121.939	1565.686	100.169	     0.000	    42.600	  3297.012	     0.000	     0.000	     0.000	     0.963
204.10	  995.558	-5584.026	 3176.659	 122.867	1560.090	101.402	     0.000	    42.600	  3297.012	     0.000	     0.000	     0.000	     0.963
205.10	  996.425	-5584.213	 3177.938	 123.786	1554.531	102.636	     0.000	    42.600	  3297.012	     0.000	     0.000	     0.000	     0.962
206.10	  997.292	-5584.392	 3179.212	 124.696	1549.008	103.868	     0.000	    42.600	  3297.012	     0.000	     0.000	     0.000	     0.962
207.10	  998.157	-5584.563	 3180.481	 125.596	1543.522	105.101	     0.000	    42.600	  3297.012	     0.000	     0.000	     0.000	     0.962
208.10	  999.020	-5584.726	 3181.746	 126.488	1538.073	106.333	     0.000	    42.600	  3297.012	     0.000	     0.000	     0.000	     0.962
209.10	  999.882	-5584.881	 3183.007	 127.371	1532.662	107.564	     0.000	    42.600	  3297.012	     0.000	     0.000	     0.000	     0.961
210.10	 1000.743	-5585.028	 3184.263	 128.244	1527.288	108.795	     0.000	    42.600	  3297.012	     0.000	     0.000	     0.000	     0.961
211.10	 1001.602	-5585.167	 3185.514	 129.109	1521.953	110.026	     0.000	    42.600	  3297.012	     0.000	     0.000	     0.000	     0.961
212.10	 1002.459	-5585.298	 3186.761	 129.964	1516.657	111.256	     0.000	    42.600	  3297.012	     0.000	     0.000	     0.000	     0.960
213.10	 1003.315	-5585.422	 3188.003	 130.811	1511.399	112.486	     0.000	    42.600	  3297.012	     0.000	     0.000	     0.000	     0.960
214.10	 1004.170	-5585.537	 3189.240	 131.648	1506.181	113.715	     0.000	    42.600	  3297.012	     0.000	     0.000	     0.000	     0.960
215.10	 1005.023	-5585.645	 3190.473	 132.476	1501.002	114.944	     0.000	    42.600	  3297.012	     0.000	     0.000	     0.000	     0.960
216.10	 1005.875	-5585.744	 3191.701	 133.296	1495.863	116.173	     0.000	    42.600	  3297.012	     0.000	     0.000	     0.000	     0.960
217.10	 1006.725	-5585.836	 3192.924	 134.106	1490.765	117.401	     0.000	    42.600	  3297.012	     0.000	     0.000	     0.000	     0.959
218.10	 1007.574	-5585.920	 3194.143	 134.907	1485.707	118.629	     0.000	    42.600	  3297.012	     0.000	     0.000	     0.000	     0.959
219.10	 1008.421	-5585.996	 3195.358	 135.700	1480.691	119.857	     0.000	    42.600	  3297.012	     0.000	     0.000	     0.000	     0.959
220.10	 1009.267	-5586.064	 3196.567	 136.483	1475.716	121.084	     0.000	    42.600	  3297.012	     0.000	     0.000	     0.000	     0.959
221.10	 1010.112	-5586.124	 3197.773	 137.257	1470.782	122.311	     0.000	    42.600	  3297.012	     0.000	     0.000	     0.000	     0.958
222.10	 1010.955	-5586.176	 3198.973	 138.022	1465.891	123.537	     0.000	    42.600	  3297.012	     0.000	     0.000	     0.000	     0.958
223.10	 1011.796	-5586.220	 3200.169	 138.779	1461.043	124.763	     0.000	    42.600	  3297.012	     0.000	     0.000	     0.000	     0.958
224.10	 1012.636	-5586.256	 3201.360	 139.526	1456.237	125.989	     0.000	    42.600	  3297.012	     0.000	     0.000	     0.000	     0.958
225.10	 1013.475	-5586.285	 3202.547	 140.264	1451.474	127.214	     0.000	    42.600	  3297.012	     0.000	     0.000	     0.000	     0.957
226.10	 1014.312	-5586.306	 3203.729	 140.993	1446.756	128.439	     0.000	    42.600	  3297.012	     0.000	     0.000	     0.000	     0.957
227.10	 1015.147	-5586.318	 3204.907	 141.713	1442.081	129.664	     0.000	    42.600	  3297.012	     0.000	     0.000	     0.000	     0.957
228.10	 1015.982	-5586.323	 3206.079	 142.424	1437.451	130.888	     0.000	    42.600	  3297.012	     0.000	     0.000	     0.000	     0.957
229.10	 1016.814	-5586.320	 3207.248	 143.127	1432.865	132.112	     0.000	    42.600	  3297.012	     0.000	     0.000	     0.000	     0.957
230.10	 1017.646	-5586.309	 3208.411	 143.820	1428.324	133.336	     0.000	    42.600	  3297.012	     0.000	     0.000	     0.000	     0.956
231.10	 1018.476	-5586.290	 3209.570	 144.504	1423.830	134.559	     0.000	    42.600	  3297.012	     0.000	     0.000	     0.000	     0.956
232.10	 1019.304	-5586.264	 3210.725	 145.179	1419.381	135.782	     0.000	    42.600	  3297.012	     0.000	     0.000	     0.000	     0.956
233.10	 1020.131	-5586.229	 3211.875	 145.845	1414.978	137.005	     0.000	    42.600	  3297.012	     0.000	     0.000	     0.000	     0.956
234.10	 1020.957	-5586.187	 3213.020	 146.502	1410.622	138.228	     0.000	    42.600	  3297.012	     0.000	     0.000	     0.000	     0.956
235.10	 1021.781	-5586.136	 3214.160	 147.150	1406.313	139.450	     0.000	    42.600	  3297.012	     0.000	     0.000	     0.000	     0.955
236.10	 1022.603	-5586.078	 3215.296	 147.790	1402.052	140.671	     0.000	    42.600	  3297.012	     0.000	     0.000	     0.000	     0.955
237.10	 1023.424	-5586.012	 3216.428	 148.420	1397.838	141.893	     0.000	    42.600	  3297.012	     0.000	     0.000	     0.000	     0.955
238.10	 1024.244	-5585.938	 3217.555	 149.041	1393.673	143.114	     0.000	    42.600	  3297.012	     0.000	     0.000	     0.000	     0.955
239.10	 1025.062	-5585.857	 3218.677	 149.653	1389.556	144.335	     0.000	    42.600	  3297.012	     0.000	     0.000	     0.000	     0.955
240.10	 1025.879	-5585.767	 3219.794	 150.256	1385.488	145.556	     0.000	    42.600	  3297.012	     0.000	     0.000	     0.000	     0.955
241.10	 1026.694	-5585.670	 3220.907	 150.851	1381.470	146.776	     0.000	    42.600	  3297.012	     0.000	     0.000	     0.000	     0.954
242.10	 1027.508	-5585.564	 3222.016	 151.436	1377.502	147.996	     0.000	    42.600	  3297.012	     0.000	     0.000	     0.000	     0.954
243.10	 1028.321	-5585.451	 3223.119	 152.012	1373.583	149.216	     0.000	    42.600	  3297.012	     0.000	     0.000	     0.000	     0.954
244.10	 1029.132	-5585.330	 3224.218	 152.579	1369.716	150.435	     0.000	    42.600	  3297.012	     0.000	     0.000	     0.000	     0.954
245.10	 1029.941	-5585.202	 3225.313	 153.138	1365.899	151.654	     0.000	    42.600	  3297.012	     0.000	     0.000	     0.000	     0.954
246.10	 1030.749	-5585.065	 3226.403	 153.687	1362.133	152.873	     0.000	    42.600	  3297.012	     0.000	     0.000	     0.000	     0.954
247.10	 1031.556	-5584.920	 3227.488	 154.228	1358.420	154.092	     0.000	    42.600	  3297.012	     0.000	     0.000	     0.000	     0.953
248.10	 1032.361	-5584.768	 3228.569	 154.759	1354.758	155.311	     0.000	    42.600	  3297.012	     0.000	     0.000	     0.000	     0.953
249.10	 1033.165	-5584.608	 3229.645	 155.281	1351.149	156.529	     0.000	    42.600	  3297.012	     0.000	     0.000	     0.000	     0.953
250.10	 1033.967	-5584.440	 3230.716	 155.795	1347.593	157.747	     0.000	    42.600	  3297.012	     0.000	     0.000	     0.000	     0.953
251.10	 1034.768	-5584.264	 3231.783	 156.299	1344.090	158.964	     0.000	    42.600	  3297.012	     0.000	     0.000	     0.000	     0.953
252.10	 1035.567	-5584.080	 3232.845	 156.795	1340.640	160.182	     0.000	    42.600	  3297.012	     0.000	     0.000	     0.000	     0.953
253.10	 1036.365	-5583.889	 3233.903	 157.281	1337.245	161.399	     0.000	    42.600	  3297.012	     0.000	     0.000	     0.000	     0.952
254.10	 1037.162	-5583.690	 3234.956	 157.759	1333.904	162.616	     0.000	    42.600	  3297.012	     0.000	     0.000	     0.000	     0.952
255.10	 1037.957	-5583.482	 3236.004	 158.228	1330.618	163.833	     0.000	    42.600	  3297.012	     0.000	     0.000	     0.000	     0.952
256.10	 1038.751	-5583.267	 3237.048	 158.687	1327.387	165.050	     0.000	    42.600	  3297.012	     0.000	     0.000	     0.000	     0.952
257.10	 1039.543	-5583.045	 3238.087	 159.138	1324.211	166.266	     0.000	    42.600	  3297.012	     0.000	     0.000	     0.000	     0.952
258.10	 1040.333	-5582.814	 3239.121	 159.580	1321.092	167.482	     0.000	    42.600	  3297.012	     0.000	     0.000	     0.000	     0.952
259.10	 1041.123	-5582.576	 3240.151	 160.013	1318.028	168.698	     0.000	    42.600	  3297.012	     0.000	     0.000	     0.000	     0.952
260.10	 1041.911	-5582.329	 3241.176	 160.436	1315.021	169.914	     0.000	    42.600	  3297.012	     0.000	     0.000	     0.000	     0.952
261.10	 1042.697	-5582.075	 3242.197	 160.851	1312.072	171.129	     0.000	    42.600	  3297.012	     0.000	     0.000	     0.000	     0.951
262.10	 1043.482	-5581.813	 3243.213	 161.257	1309.179	172.345	     0.000	    42.600	  3297.012	     0.000	     0.000	     0.000	     0.951
263.10	 1044.265	-5581.544	 3244.224	 161.654	1306.344	173.560	     0.000	    42.600	  3297.012	     0.000	     0.000	     0.000	     0.951
264.10	 1045.048	-5581.266	 3245.231	 162.042	1303.567	174.775	     0.000	    42.600	  3297.012	     0.000	     0.000	     0.000	     0.951
265.10	 1045.828	-5580.981	 3246.233	 162.421	1300.848	175.989	     0.000	    42.600	  3297.012	     0.000	     0.000	     0.000	     0.951
266.10	 1046.607	-5580.688	 3247.230	 162.791	1298.188	177.204	     0.000	    42.600	  3297.012	     0.000	     0.000	     0.000	     0.951
267.10	 1047.385	-5580.387	 3248.223	 163.153	1295.587	178.418	     0.000	    42.600	  3297.012	     0.000	     0.000	     0.000	     0.951
268.10	 1048.161	-5580.078	 3249.212	 163.505	1293.046	179.633	     0.000	    42.600	  3297.012	     0.000	     0.000	     0.000	     0.951
269.10	 1048.936	-5579.762	 3250.195	 163.848	1290.564	180.847	     0.000	    42.600	  3297.012	     0.000	     0.000	     0.000	     0.951
270.10	 1049.710	-5579.437	 3251.174	 164.182	1288.142	182.061	     0.000	    42.600	  3297.012	     0.000	     0.000	     0.000	     0.950
271.10	 1050.482	-5579.105	 3252.149	 164.508	1285.780	183.274	     0.000	    42.600	  3297.012	     0.000	     0.000	     0.000	     0.950
272.10	 1051.252	-5578.765	 3253.118	 164.824	1283.479	184.488	     0.000	    42.600	  3297.012	     0.000	     0.000	     0.000	     0.950
273.10	 1052.021	-5578.418	 3254.083	 165.132	1281.238	185.701	     0.000	    42.600	  3297.012	     0.000	     0.000	     0.000	     0.950
274.10	 1052.789	-5578.062	 3255.044	 165.430	1279.059	186.915	     0.000	    42.600	  3297.012	     0.000	     0.000	     0.000	     0.950
275.10	 1053.555	-5577.699	 3256.000	 165.720	1276.942	188.128	     0.000	    42.600	  3297.012	     0.000	     0.000	     0.000	     0.950
276.10	 1054.320	-5577.328	 3256.951	 166.001	1274.886	189.341	     0.000	    42.600	  3297.012	     0.000	     0.000	     0.000	     0.950
277.10	 1055.083	-5576.949	 3257.897	 166.272	1272.892	190.554	     0.000	    42.600	  3297.012	     0.000	     0.000	     0.000	     0.950
278.10	 1055.845	-5576.562	 3258.839	 166.535	1270.961	191.766	     0.000	    42.600	  3297.012	     0.000	     0.000	     0.000	     0.950
279.10	 1056.606	-5576.168	 3259.777	 166.789	1269.092	192.979	     0.000	    42.600	  3297.012	     0.000	     0.000	     0.000	     0.950
280.10	 1057.365	-5575.765	 3260.710	 167.034	1270.495	194.192	     0.000	    42.529	  3300.220	     0.000	     0.000	     1.000	     3.232
281.10	 1058.136	-5575.348	 3261.654	 167.274	1301.032	195.424	     0.000	    41.824	  3332.483	     0.000	     0.000	     1.000	     3.272
282.10	 1058.925	-5574.912	 3262.618	 167.511	1331.976	196.688	     0.000	    41.119	  3365.092	     0.000	     0.000	     1.000	     3.312
283.10	 1059.732	-5574.458	 3263.601	 167.745	1363.334	197.982	     0.000	    40.414	  3398.054	     0.000	     0.000	     1.000	     3.353
284.10	 1060.558	-5573.984	 3264.604	 167.975	1395.111	199.309	     0.000	    39.709	  3431.376	     0.000	     0.000	     1.000	     3.395
285.10	 1061.402	-5573.491	 3265.626	 168.203	1427.314	200.667	     0.000	    39.004	  3465.066	     0.000	     0.000	     1.000	     3.437
286.10	 1062.266	-5572.979	 3266.668	 168.427	1459.950	202.059	     0.000	    38.299	  3499.134	     0.000	     0.000	     1.000	     3.480
287.10	 1063.148	-5572.447	 3267.730	 168.647	1493.027	203.482	     0.000	    37.595	  3533.586	     0.000	     0.000	     1.000	     3.524
288.10	 1064.049	-5571.894	 3268.812	 168.863	1526.551	204.940	     0.000	    36.890	  3568.433	     0.000	     0.000	     1.000	     3.569
289.10	 1064.970	-5571.320	 3269.915	 169.076	1560.532	206.431	     0.000	    36.185	  3603.682	     0.000	     0.000	     1.000	     3.614
290.10	 1065.911	-5570.726	 3271.038	 169.284	1594.977	207.956	     0.000	    35.480	  3639.344	     0.000	     0.000	     1.000	     3.661
291.10	 1066.871	-5570.110	 3272.183	 169.489	1629.894	209.516	     0.000	    34.775	  3675.429	     0.000	     0.000	     1.000	     3.708
292.10	 1067.852	-5569.473	 3273.348	 169.689	1665.294	211.110	     0.000	    34.070	  3711.946	     0.000	     0.000	     1.000	     3.756
293.10	 1068.853	-5568.813	 3274.534	 169.885	1701.184	212.741	     0.000	    33.365	  3748.906	     0.000	     0.000	     1.000	     3.805
294.10	 1069.875	-5568.131	 3275.743	 170.077	1737.576	214.407	     0.000	    32.660	  3786.319	     0.000	     0.000	     1.000	     3.855
295.10	 1070.917	-5567.427	 3276.972	 170.263	1770.668	216.109	     0.000	    32.025	  3820.389	     0.000	     0.000	     0.000	     0.949
296.10	 1071.965	-5566.710	 3278.205	 170.443	1769.714	217.824	     0.000	    32.025	  3820.389	     0.000	     0.000	     0.000	     0.949
297.10	 1073.012	-5565.985	 3279.434	 170.614	1768.804	219.539	     0.000	    32.025	  3820.389	     0.000	     0.000	     0.000	     0.949
298.10	 1074.058	-5565.253	 3280.657	 170.777	1767.940	221.254	     0.000	    32.025	  3820.389	     0.000	     0.000	     0.000	     0.949
299.00	 1074.997	-5564.587	 3281.755	 170.915	1767.200	222.797	     0.000	    32.025	  3820.389	     0.000	     0.000	     0.000	     0.948
300.00	 1076.040	-5563.840	 3282.970	 171.061	1766.421	224.512	     0.000	    32.025	  3820.389	     0.000	     0.000	     0.000	     0.948
301.00	 1077.081	-5563.086	 3284.180	 171.199	1765.687	226.227	     0.000	    32.025	  3820.389	     0.000	     0.000	     0.000	     0.948
302.00	 1078.121	-5562.323	 3285.386	 171.327	1764.998	227.941	     0.000	    32.025	  3820.389	     0.000	     0.000	     0.000	     0.948
303.00	 1079.159	-5561.553	 3286.587	 171.447	1764.354	229.656	     0.000	    32.025	  3820.389	     0.000	     0.000	     0.000	     0.948
304.00	 1080.196	-5560.775	 3287.783	 171.559	1763.755	231.370	     0.000	    32.025	  3820.389	     0.000	     0.000	     0.000	     0.948
305.00	 1081.232	-5559.990	 3288.975	 171.662	1763.202	233.084	     0.000	    32.025	  3820.389	     0.000	     0.000	     0.000	     0.948
306.00	 1082.266	-5559.197	 3290.162	 171.756	1762.694	234.799	     0.000	    32.025	  3820.389	     0.000	     0.000	     0.000	     0.948
307.00	 1083.299	-5558.396	 3291.344	 171.841	1762.231	236.513	     0.000	    32.025	  3820.389	     0.000	     0.000	     0.000	     0.948
308.00	 1084.330	-5557.587	 3292.522	 171.918	1761.814	238.227	     0.000	    32.025	  3820.389	     0.000	     0.000	     0.000	     0.948
309.00	 1085.360	-5556.771	 3293.695	 171.986	1761.442	239.941	     0.000	    32.025	  3820.389	     0.000	     0.000	     0.000	     0.948
310.00	 1086.389	-5555.947	 3294.864	 172.046	1761.115	241.655	     0.000	    32.025	  3820.389	     0.000	     0.000	     0.000	     0.948
311.00	 1087.416	-5555.115	 3296.027	 172.097	1760.834	243.369	     0.000	    32.025	  3820.389	     0.000	     0.000	     0.000	     0.948
312.00	 1088.441	-5554.275	 3297.186	 172.139	1760.598	245.083	     0.000	    32.025	  3820.389	     0.000	     0.000	     0.000	     0.948
313.00	 1089.466	-5553.428	 3298.341	 172.172	1760.408	246.797	     0.000	    32.025	  3820.389	     0.000	     0.000	     0.000	     0.948
314.00	 1090.489	-5552.573	 3299.490	 172.197	1760.263	248.511	     0.000	    32.025	  3820.389	     0.000	     0.000	     0.000	     0.948
315.00	 1091.510	-5551.711	 3300.635	 172.214	1760.164	250.224	     0.000	    32.025	  3820.389	     0.000	     0.000	     0.000	     0.948
316.00	 1092.530	-5550.841	 3301.776	 172.221	1760.110	251.938	     0.000	    32.025	  3820.389	     0.000	     0.000	     0.000	     0.948
317.00	 1093.549	-5549.963	 3302.911	 172.220	1760.101	253.652	     0.000	    32.025	  3820.389	     0.000	     0.000	     0.000	     0.948
318.00	 1094.566	-5549.077	 3304.042	 172.211	1760.139	255.366	     0.000	    32.025	  3820.389	     0.000	     0.000	     0.000	     0.948
319.00	 1095.582	-5548.184	 3305.168	 172.192	1760.221	257.080	     0.000	    32.025	  3820.389	     0.000	     0.000	     0.000	     0.948
320.00	 1096.596	-5547.283	 3306.290	 172.166	1760.349	258.794	     0.000	    32.025	  3820.389	     0.000	     0.000	     0.000	     0.948
321.00	 1097.609	-5546.374	 3307.407	 172.130	1760.523	260.507	     0.000	    32.025	  3820.389	     0.000	     0.000	     0.000	     0.948
322.00	 1098.620	-5545.458	 3308.519	 172.086	1760.742	262.221	     0.000	    32.025	  3820.389	     0.000	     0.000	     0.000	     0.948
323.00	 1099.631	-5544.534	 3309.626	 172.033	1761.006	263.935	     0.000	    32.025	  3820.389	     0.000	     0.000	     0.000	     0.948
324.00	 1100.639	-5543.602	 3310.729	 171.972	1761.316	265.649	     0.000	    32.025	  3820.389	     0.000	     0.000	     0.000	     0.948
325.00	 1101.646	-5542.662	 3311.827	 171.901	1761.671	267.363	     0.000	    32.025	  3820.389	     0.000	     0.000	     0.000	     0.948
326.00	 1102.652	-5541.715	 3312.921	 171.823	1762.072	269.077	     0.000	    32.025	  3820.389	     0.000	     0.000	     0.000	     0.948
327.00	 1103.657	-5540.761	 3314.009	 171.735	1762.518	270.791	     0.000	    32.025	  3820.389	     0.000	     0.000	     0.000	     0.948
328.00	 1104.660	-5539.798	 3315.093	 171.639	1763.009	272.505	     0.000	    32.025	  3820.389	     0.000	     0.000	     0.000	     0.948
329.00	 1105.661	-5538.828	 3316.173	 171.534	1763.546	274.219	     0.000	    32.025	  3820.389	     0.000	     0.000	     0.000	     0.948
330.00	 1106.662	-5537.850	 3317.247	 171.421	1764.128	275.933	     0.000	    32.025	  3820.389	     0.000	     0.000	     0.000	     0.948
331.00	 1107.660	-5536.864	 3318.317	 171.299	1764.755	277.647	     0.000	    32.025	  3820.389	     0.000	     0.000	     0.000	     0.948
332.00	 1108.658	-5535.871	 3319.382	 171.168	1765.427	279.361	     0.000	    32.025	  3820.389	     0.000	     0.000	     0.000	     0.948
333.00	 1109.653	-5534.870	 3320.443	 171.029	1766.144	281.076	     0.000	    32.025	  3820.389	     0.000	     0.000	     0.000	     0.948
334.00	 1110.648	-5533.862	 3321.499	 170.881	1766.907	282.790	     0.000	    32.025	  3820.389	     0.000	     0.000	     0.000	     0.948
335.00	 1111.641	-5532.845	 3322.550	 170.725	1767.714	284.504	     0.000	    32.025	  3820.389	     0.000	     0.000	     0.000	     0.949
336.00	 1112.633	-5531.822	 3323.596	 170.559	1768.567	286.219	     0.000	    32.025	  3820.389	     0.000	     0.000	     0.000	     0.949
337.00	 1113.623	-5530.790	 3324.638	 170.386	1769.464	287.934	     0.000	    32.025	  3820.389	     0.000	     0.000	     0.000	     0.949
338.00	 1114.612	-5529.751	 3325.675	 170.203	1770.407	289.648	     0.000	    32.025	  3820.389	     0.000	     0.000	     0.000	     0.949
339.00	 1115.599	-5528.704	 3326.707	 170.012	1771.394	291.363	     0.000	    32.025	  3820.389	     0.000	     0.000	     0.000	     0.949
340.00	 1116.585	-5527.649	 3327.734	 169.812	1772.426	293.078	     0.000	    32.025	  3820.389	     0.000	     0.000	     0.000	     0.949
341.00	 1117.569	-5526.587	 3328.757	 169.604	1773.502	294.793	     0.000	    32.025	  3820.389	     0.000	     0.000	     0.000	     0.949
342.00	 1118.553	-5525.517	 3329.775	 169.386	1774.623	296.508	     0.000	    32.025	  3820.389	     0.000	     0.000	     0.000	     0.949
343.00	 1119.534	-5524.439	 3330.788	 169.161	1775.789	298.224	     0.000	    32.025	  3820.389	     0.000	     0.000	     0.000	     0.949
344.00	 1120.514	-5523.354	 3331.797	 168.926	1776.999	299.939	     0.000	    32.025	  3820.389	     0.000	     0.000	     0.000	     0.949
345.00	 1121.493	-5522.261	 3332.801	 168.683	1778.254	301.655	     0.000	    32.025	  3820.389	     0.000	     0.000	     0.000	     0.949
346.00	 1122.471	-5521.160	 3333.800	 168.432	1779.552	303.370	     0.000	    32.025	  3820.389	     0.000	     0.000	     0.000	     0.949
347.00	 1123.447	-5520.052	 3334.794	 168.171	1780.896	305.086	     0.000	    32.025	  3820.389	     0.000	     0.000	     0.000	     0.949
348.00	 1124.421	-5518.936	 3335.784	 167.902	1782.283	306.802	     0.000	    32.025	  3820.389	     0.000	     0.000	     0.000	     0.949
349.00	 1125.394	-5517.812	 3336.768	 167.624	1783.714	308.518	     0.000	    32.025	  3820.389	     0.000	     0.000	     0.000	     0.949
350.00	 1126.366	-5516.681	 3337.749	 167.338	1785.189	310.235	     0.000	    32.025	  3820.389	     0.000	     0.000	     0.000	     0.950
351.00	 1127.336	-5515.542	 3338.724	 167.043	1786.708	311.951	     0.000	    32.025	  3820.389	     0.000	     0.000	     0.000	     0.950
352.00	 1128.305	-5514.395	 3339.695	 166.739	1788.271	313.668	     0.000	    32.025	  3820.389	     0.000	     0.000	     0.000	     0.950
353.00	 1129.272	-5513.240	 3340.660	 166.427	1789.877	315.385	     0.000	    32.025	  3820.389	     0.000	     0.000	     0.000	     0.950
354.00	 1130.238	-5512.078	 3341.622	 166.106	1791.527	317.101	     0.000	    32.025	  3820.389	     0.000	     0.000	     0.000	     0.950
355.00	 1131.203	-5510.909	 3342.578	 165.777	1793.221	318.819	     0.000	    32.025	  3820.389	     0.000	     0.000	     0.000	     0.950
356.00	 1132.166	-5509.731	 3343.530	 165.438	1794.958	320.536	     0.000	    32.025	  3820.389	     0.000	     0.000	     0.000	     0.950
357.00	 1133.127	-5508.546	 3344.477	 165.091	1796.738	322.254	     0.000	    32.025	  3820.389	     0.000	     0.000	     0.000	     0.950
358.00	 1134.088	-5507.353	 3345.419	 164.736	1798.561	323.971	     0.000	    32.025	  3820.389	     0.000	     0.000	     0.000	     0.950
359.00	 1135.046	-5506.153	 3346.356	 164.371	1800.427	325.689	     0.000	    32.025	  3820.389	     0.000	     0.000	     0.000	     0.950
360.00	 1136.004	-5504.945	 3347.289	 163.999	1802.337	327.408	     0.000	    32.025	  3820.389	     0.000	     0.000	     0.000	     0.950
361.00	 1136.960	-5503.729	 3348.216	 163.617	1804.289	329.126	     0.000	    32.025	  3820.389	     0.000	     0.000	     0.000	     0.951
362.00	 1137.914	-5502.506	 3349.139	 163.227	1806.283	330.845	     0.000	    32.025	  3820.389	     0.000	     0.000	     0.000	     0.951
363.00	 1138.867	-5501.275	 3350.058	 162.828	1808.321	332.563	     0.000	    32.025	  3820.389	     0.000	     0.000	     0.000	     0.951
364.00	 1139.819	-5500.036	 3350.971	 162.420	1810.400	334.282	     0.000	    32.025	  3820.389	     0.000	     0.000	     0.000	     0.951
365.00	 1140.769	-5498.790	 3351.880	 162.004	1812.522	336.002	     0.000	    32.025	  3820.389	     0.000	     0.000	     0.000	     0.951
366.00	 1141.718	-5497.536	 3352.784	 161.579	1814.686	337.721	     0.000	    32.025	  3820.389	     0.000	     0.000	     0.000	     0.951
367.00	 1142.665	-5496.274	 3353.683	 161.145	1816.893	339.441	     0.000	    32.025	  3820.389	     0.000	     0.000	     0.000	     0.951
368.00	 1143.611	-5495.005	 3354.578	 160.703	1819.141	341.161	     0.000	    32.025	  3820.389	     0.000	     0.000	     0.000	     0.951
369.00	 1144.555	-5493.727	 3355.467	 160.252	1821.431	342.882	     0.000	    32.025	  3820.389	     0.000	     0.000	     0.000	     0.952
370.00	 1145.498	-5492.443	 3356.352	 159.793	1823.762	344.602	     0.000	    32.025	  3820.389	     0.000	     0.000	     0.000	     0.952
371.00	 1146.440	-5491.150	 3357.232	 159.324	1826.136	346.323	     0.000	    32.025	  3820.389	     0.000	     0.000	     0.000	     0.952
372.00	 1147.380	-5489.850	 3358.107	 158.847	1828.550	348.044	     0.000	    32.025	  3820.389	     0.000	     0.000	     0.000	     0.952
373.00	 1148.318	-5488.543	 3358.978	 158.362	1831.006	349.766	     0.000	    32.025	  3820.389	     0.000	     0.000	     0.000	     0.952
374.00	 1149.256	-5487.227	 3359.844	 157.867	1833.503	351.487	     0.000	    32.025	  3820.389	     0.000	     0.000	     0.000	     0.952
375.00	 1150.191	-5485.904	 3360.705	 157.364	1836.041	353.209	     0.000	    32.025	  3820.389	     0.000	     0.000	     0.000	     0.952
376.00	 1151.126	-5484.573	 3361.561	 156.853	1838.620	354.932	     0.000	    32.025	  3820.389	     0.000	     0.000	     0.000	     0.953
377.00	 1152.059	-5483.235	 3362.412	 156.332	1841.239	356.654	     0.000	    32.025	  3820.389	     0.000	     0.000	     0.000	     0.953
378.00	 1152.990	-5481.889	 3363.258	 155.803	1843.899	358.377	     0.000	    32.025	  3820.389	     0.000	     0.000	     0.000	     0.953
379.00	 1153.920	-5480.535	 3364.100	 155.265	1846.600	360.100	     0.000	    32.025	  3820.389	     0.000	     0.000	     0.000	     0.953
380.00	 1154.849	-5479.174	 3364.937	 154.719	1849.340	361.824	     0.000	    32.025	  3820.389	     0.000	     0.000	     0.000	     0.953
381.00	 1155.776	-5477.805	 3365.769	 154.164	1852.121	363.548	     0.000	    32.025	  3820.389	     0.000	     0.000	     0.000	     0.953
382.00	 1156.701	-5476.428	 3366.596	 153.600	1854.942	365.272	     0.000	    32.025	  3820.389	     0.000	     0.000	     0.000	     0.954
383.00	 1157.625	-5475.043	 3367.419	 153.028	1857.802	366.996	     0.000	    32.025	  3820.389	     0.000	     0.000	     0.000	     0.954
384.00	 1158.548	-5473.651	 3368.236	 152.446	1860.702	368.721	     0.000	    32.025	  3820.389	     0.000	     0.000	     0.000	     0.954
385.00	 1159.470	-5472.252	 3369.049	 151.857	1863.642	370.447	     0.000	    32.025	  3820.389	     0.000	     0.000	     0.000	     0.954
386.00	 1160.389	-5470.844	 3369.857	 151.258	1866.621	372.172	     0.000	    32.025	  3820.389	     0.000	     0.000	     0.000	     0.954
387.00	 1161.308	-5469.429	 3370.660	 150.651	1869.639	373.898	     0.000	    32.025	  3820.389	     0.000	     0.000	     0.000	     0.954
388.00	 1162.225	-5468.006	 3371.459	 150.035	1872.696	375.624	     0.000	    32.025	  3820.389	     0.000	     0.000	     0.000	     0.955
389.00	 1163.140	-5466.576	 3372.252	 149.410	1875.793	377.351	     0.000	    32.025	  3820.389	     0.000	     0.000	     0.000	     0.955
390.00	 1164.054	-5465.138	 3373.041	 148.777	1878.927	379.078	     0.000	    32.025	  3820.389	     0.000	     0.000	     0.000	     0.955
391.00	 1164.967	-5463.692	 3373.825	 148.135	1882.101	380.805	     0.000	    32.025	  3820.389	     0.000	     0.000	     0.000	     0.955
392.00	 1165.878	-5462.239	 3374.604	 147.484	1885.312	382.533	     0.000	    32.025	  3820.389	     0.000	     0.000	     0.000	     0.955
393.00	 1166.788	-5460.777	 3375.378	 146.824	1888.562	384.261	     0.000	    32.025	  3820.389	     0.000	     0.000	     0.000	     0.955
394.00	 1167.696	-5459.309	 3376.147	 146.156	1891.850	385.990	     0.000	    32.025	  3820.389	     0.000	     0.000	     0.000	     0.956
395.00	 1168.603	-5457.832	 3376.912	 145.479	1895.176	387.719	     0.000	    32.025	  3820.389	     0.000	     0.000	     0.000	     0.956
396.00	 1169.508	-5456.348	 3377.671	 144.794	1898.540	389.448	     0.000	    32.025	  3820.389	     0.000	     0.000	     0.000	     0.956
397.00	 1170.412	-5454.856	 3378.426	 144.099	1901.941	391.178	     0.000	    32.025	  3820.389	     0.000	     0.000	     0.000	     0.956
398.00	 1171.314	-5453.357	 3379.176	 143.396	1905.379	392.908	     0.000	    32.025	  3820.389	     0.000	     0.000	     0.000	     0.956
399.00	 1172.215	-5451.849	 3379.921	 142.684	1908.855	394.639	     0.000	    32.025	  3820.389	     0.000	     0.000	     0.000	     0.957
400.00	 1173.115	-5450.335	 3380.661	 141.964	1912.368	396.370	     0.000	    32.025	  3820.389	     0.000	     0.000	     0.000	     0.957
401.00	 1174.009	-5448.818	 3381.393	 141.237	1903.189	398.095	     0.000	    31.790	  3833.116	     0.000	     0.000	     1.000	     1.288
402.00	 1174.896	-5447.304	 3382.116	 140.507	1893.993	399.809	     0.000	    31.555	  3845.895	     0.000	     0.000	     1.000	     1.288
403.00	 1175.776	-5445.793	 3382.829	 139.773	1884.781	401.512	     0.000	    31.320	  3858.729	     0.000	     0.000	     1.000	     1.288
404.00	 1176.648	-5444.284	 3383.532	 139.035	1875.552	403.204	     0.000	    31.085	  3871.617	     0.000	     0.000	     1.000	     1.289
405.00	 1177.513	-5442.778	 3384.226	 138.293	1866.305	404.884	     0.000	    30.850	  3884.559	     0.000	     0.000	     1.000	     1.289
406.00	 1178.370	-5441.275	 3384.910	 137.548	1857.041	406.554	     0.000	    30.615	  3897.557	     0.000	     0.000	     1.000	     1.289
407.00	 1179.219	-5439.774	 3385.584	 136.800	1847.758	408.212	     0.000	    30.380	  3910.611	     0.000	     0.000	     1.000	     1.290
408.00	 1180.062	-5438.277	 3386.248	 136.047	1838.457	409.859	     0.000	    30.145	  3923.720	     0.000	     0.000	     1.000	     1.290
409.00	 1180.896	-5436.782	 3386.903	 135.292	1829.136	411.494	     0.000	    29.910	  3936.886	     0.000	     0.000	     1.000	     1.290
410.00	 1181.724	-5435.291	 3387.549	 134.533	1819.797	413.118	     0.000	    29.675	  3950.110	     0.000	     0.000	     1.000	     1.291
411.00	 1182.544	-5433.802	 3388.185	 133.771	1810.438	414.731	     0.000	    29.440	  3963.391	     0.000	     0.000	     1.000	     1.291
412.00	 1183.356	-5432.317	 3388.811	 133.005	1801.058	416.332	     0.000	    29.205	  3976.730	     0.000	     0.000	     1.000	     1.292
413.00	 1184.161	-5430.836	 3389.428	 132.237	1791.658	417.922	     0.000	    28.970	  3990.128	     0.000	     0.000	     1.000	     1.292
414.00	 1184.958	-5429.357	 3390.035	 131.465	1782.237	419.501	     0.000	    28.735	  4003.585	     0.000	     0.000	     1.000	     1.293
415.00	 1185.748	-5427.883	 3390.633	 130.691	1772.795	421.068	     0.000	    28.500	  4017.102	     0.000	     0.000	     1.000	     1.293
416.00	 1186.530	-5426.411	 3391.221	 129.913	1763.331	422.624	     0.000	    28.266	  4030.679	     0.000	     0.000	     1.000	     1.294
417.00	 1187.305	-5424.944	 3391.800	 129.133	1753.844	424.167	     0.000	    28.031	  4044.316	     0.000	     0.000	     1.000	     1.294
418.00	 1188.072	-5423.480	 3392.370	 128.349	1744.335	425.700	     0.000	    27.796	  4058.015	     0.000	     0.000	     1.000	     1.295
419.00	 1188.832	-5422.020	 3392.930	 127.564	1734.803	427.221	     0.000	    27.561	  4071.776	     0.000	     0.000	     1.000	     1.296
420.00	 1189.584	-5420.564	 3393.481	 126.775	1725.247	428.730	     0.000	    27.326	  4085.600	     0.000	     0.000	     1.000	     1.296
421.00	 1190.329	-5419.112	 3394.022	 125.984	1715.666	430.227	     0.000	    27.091	  4099.486	     0.000	     0.000	     1.000	     1.297
422.00	 1191.066	-5417.664	 3394.555	 125.190	1706.061	431.713	     0.000	    26.856	  4113.436	     0.000	     0.000	     1.000	     1.298
423.00	 1191.796	-5416.220	 3395.078	 124.394	1696.431	433.187	     0.000	    26.621	  4127.450	     0.000	     0.000	     1.000	     1.299
424.00	 1192.518	-5414.780	 3395.592	 123.596	1686.776	434.650	     0.000	    26.386	  4141.529	     0.000	     0.000	     1.000	     1.299
425.00	 1193.232	-5413.344	 3396.096	 122.796	1677.094	436.100	     0.000	    26.151	  4155.673	     0.000	     0.000	     1.000	     1.300
426.00	 1193.939	-5411.914	 3396.592	 121.993	1667.386	437.539	     0.000	    25.916	  4169.883	     0.000	     0.000	     1.000	     1.301
427.00	 1194.639	-5410.487	 3397.078	 121.188	1657.650	438.966	     0.000	    25.681	  4184.160	     0.000	     0.000	     1.000	     1.302
428.00	 1195.331	-5409.065	 3397.555	 120.381	1647.886	440.381	     0.000	    25.446	  4198.504	     0.000	     0.000	     1.000	     1.303
429.00	 1196.015	-5407.648	 3398.023	 119.573	1638.095	441.784	     0.000	    25.211	  4212.916	     0.000	     0.000	     1.000	     1.304
430.00	 1196.692	-5406.235	 3398.483	 118.762	1628.274	443.175	     0.000	    24.976	  4227.396	     0.000	     0.000	     1.000	     1.305
431.00	 1197.362	-5404.828	 3398.933	 117.950	1618.424	444.554	     0.000	    24.741	  4241.945	     0.000	     0.000	     1.000	     1.306
432.00	 1198.024	-5403.425	 3399.374	 117.136	1608.544	445.921	     0.000	    24.506	  4256.565	     0.000	     0.000	     1.000	     1.307
433.00	 1198.678	-5402.027	 3399.806	 116.320	1598.633	447.277	     0.000	    24.271	  4271.254	     0.000	     0.000	     1.000	     1.308
434.00	 1199.325	-5400.635	 3400.229	 115.503	1588.691	448.620	     0.000	    24.036	  4286.015	     0.000	     0.000	     1.000	     1.309
435.00	 1199.964	-5399.248	 3400.644	 114.685	1578.717	449.951	     0.000	    23.801	  4300.848	     0.000	     0.000	     1.000	     1.310
436.00	 1200.599	-5397.858	 3401.052	 113.861	1583.620	451.277	     0.000	    23.801	  4300.848	     0.000	     0.000	     0.000	     0.965
437.00	 1201.233	-5396.460	 3401.455	 113.028	1588.562	452.603	     0.000	    23.801	  4300.848	     0.000	     0.000	     0.000	     0.965
438.00	 1201.865	-5395.055	 3401.853	 112.185	1593.544	453.930	     0.000	    23.801	  4300.848	     0.000	     0.000	     0.000	     0.966
439.00	 1202.496	-5393.642	 3402.246	 111.334	1598.565	455.257	     0.000	    23.801	  4300.848	     0.000	     0.000	     0.000	     0.966
440.00	 1203.125	-5392.221	 3402.634	 110.474	1603.625	456.584	     0.000	    23.801	  4300.848	     0.000	     0.000	     0.000	     0.966
441.00	 1203.752	-5390.793	 3403.017	 109.605	1608.723	457.912	     0.000	    23.801	  4300.848	     0.000	     0.000	     0.000	     0.966
442.00	 1204.378	-5389.356	 3403.396	 108.726	1613.860	459.241	     0.000	    23.801	  4300.848	     0.000	     0.000	     0.000	     0.967
443.00	 1205.003	-5387.912	 3403.769	 107.839	1619.034	460.569	     0.000	    23.801	  4300.848	     0.000	     0.000	     0.000	     0.967
444.00	 1205.626	-5386.460	 3404.137	 106.943	1624.247	461.898	     0.000	    23.801	  4300.848	     0.000	     0.000	     0.000	     0.967
445.00	 1206.247	-5385.001	 3404.501	 106.037	1629.496	463.228	     0.000	    23.801	  4300.848	     0.000	     0.000	     0.000	     0.968
446.00	 1206.867	-5383.534	 3404.859	 105.123	1634.782	464.558	     0.000	    23.801	  4300.848	     0.000	     0.000	     0.000	     0.968
447.00	 1207.486	-5382.059	 3405.212	 104.199	1640.106	465.889	     0.000	    23.801	  4300.848	     0.000	     0.000	     0.000	     0.968
448.00	 1208.102	-5380.576	 3405.561	 103.266	1645.465	467.220	     0.000	    23.801	  4300.848	     0.000	     0.000	     0.000	     0.968
449.00	 1208.718	-5379.085	 3405.904	 102.325	1650.861	468.551	     0.000	    23.801	  4300.848	     0.000	     0.000	     0.000	     0.969
450.00	 1209.331	-5377.587	 3406.242	 101.374	1656.293	469.883	     0.000	    23.801	  4300.848	     0.000	     0.000	     0.000	     0.969
451.00	 1209.943	-5376.081	 3406.576	 100.414	1661.760	471.215	     0.000	    23.801	  4300.848	     0.000	     0.000	     0.000	     0.969
452.00	 1210.554	-5374.567	 3406.904	  99.445	1667.262	472.548	     0.000	    23.801	  4300.848	     0.000	     0.000	     0.000	     0.970
453.00	 1211.163	-5373.045	 3407.228	  98.467	1672.799	473.881	     0.000	    23.801	  4300.848	     0.000	     0.000	     0.000	     0.970
454.00	 1211.770	-5371.516	 3407.546	  97.480	1678.371	475.215	     0.000	    23.801	  4300.848	     0.000	     0.000	     0.000	     0.970
455.00	 1212.376	-5369.979	 3407.859	  96.484	1683.978	476.549	     0.000	    23.801	  4300.848	     0.000	     0.000	     0.000	     0.970
456.00	 1212.981	-5368.434	 3408.168	  95.479	1689.618	477.883	     0.000	    23.801	  4300.848	     0.000	     0.000	     0.000	     0.971
457.00	 1213.584	-5366.881	 3408.471	  94.464	1695.293	479.219	     0.000	    23.801	  4300.848	     0.000	     0.000	     0.000	     0.971
458.00	 1214.185	-5365.321	 3408.770	  93.441	1701.001	480.554	     0.000	    23.801	  4300.848	     0.000	     0.000	     0.000	     0.971
459.00	 1214.785	-5363.752	 3409.063	  92.408	1706.742	481.890	     0.000	    23.801	  4300.848	     0.000	     0.000	     0.000	     0.972
460.00	 1215.383	-5362.176	 3409.351	  91.367	1712.516	483.227	     0.000	    23.801	  4300.848	     0.000	     0.000	     0.000	     0.972
461.00	 1215.980	-5360.593	 3409.635	  90.316	1718.323	484.564	     0.000	    23.801	  4300.848	     0.000	     0.000	     0.000	     0.972
462.00	 1216.575	-5359.001	 3409.913	  89.256	1724.163	485.902	     0.000	    23.801	  4300.848	     0.000	     0.000	     0.000	     0.973
463.00	 1217.168	-5357.402	 3410.186	  88.187	1730.035	487.240	     0.000	    23.801	  4300.848	     0.000	     0.000	     0.000	     0.973
464.00	 1217.760	-5355.795	 3410.454	  87.109	1735.938	488.579	     0.000	    23.801	  4300.848	     0.000	     0.000	     0.000	     0.973
465.00	 1218.351	-5354.180	 3410.718	  86.022	1741.874	489.918	     0.000	    23.801	  4300.848	     0.000	     0.000	     0.000	     0.974
466.00	 1218.936	-5352.565	 3410.975	  84.931	1733.536	491.252	     0.000	    23.575	  4315.149	     0.000	     0.000	     0.960	     1.138
467.00	 1219.516	-5350.956	 3411.224	  83.840	1725.162	492.575	     0.000	    23.350	  4329.518	     0.000	     0.000	     0.960	     1.140
468.00	 1220.089	-5349.352	 3411.467	  82.748	1716.751	493.887	     0.000	    23.124	  4343.955	     0.000	     0.000	     0.960	     1.141
469.00	 1220.656	-5347.754	 3411.703	  81.657	1708.304	495.190	     0.000	    22.899	  4358.461	     0.000	     0.000	     0.960	     1.143
470.00	 1221.216	-5346.162	 3411.931	  80.566	1699.818	496.481	     0.000	    22.673	  4373.036	     0.000	     0.000	     0.960	     1.144
471.00	 1221.771	-5344.576	 3412.153	  79.475	1691.293	497.763	     0.000	    22.448	  4387.682	     0.000	     0.000	     0.960	     1.146
472.00	 1222.318	-5342.996	 3412.368	  78.384	1682.730	499.033	     0.000	    22.222	  4402.398	     0.000	     0.000	     0.960	     1.147
473.00	 1222.860	-5341.422	 3412.575	  77.294	1674.126	500.293	     0.000	    21.997	  4417.185	     0.000	     0.000	     0.960	     1.149
474.00	 1223.395	-5339.854	 3412.776	  76.204	1665.482	501.542	     0.000	    21.771	  4432.045	     0.000	     0.000	     0.960	     1.150
475.00	 1223.923	-5338.292	 3412.970	  75.115	1656.796	502.781	     0.000	    21.546	  4446.977	     0.000	     0.000	     0.960	     1.152
476.00	 1224.446	-5336.736	 3413.158	  74.026	1648.068	504.009	     0.000	    21.320	  4461.983	     0.000	     0.000	     0.960	     1.154
477.00	 1224.962	-5335.187	 3413.338	  72.938	1639.297	505.227	     0.000	    21.095	  4477.063	     0.000	     0.000	     0.960	     1.156
478.00	 1225.471	-5333.645	 3413.512	  71.851	1630.483	506.433	     0.000	    20.869	  4492.218	     0.000	     0.000	     0.960	     1.158
479.00	 1225.975	-5332.108	 3413.679	  70.765	1621.624	507.629	     0.000	    20.644	  4507.449	     0.000	     0.000	     0.960	     1.160
480.00	 1226.472	-5330.579	 3413.840	  69.680	1612.720	508.814	     0.000	    20.418	  4522.756	     0.000	     0.000	     0.960	     1.162
481.00	 1226.963	-5329.056	 3413.994	  68.596	1603.770	509.989	     0.000	    20.193	  4538.141	     0.000	     0.000	     0.960	     1.164
482.00	 1227.447	-5327.540	 3414.141	  67.513	1594.773	511.153	     0.000	    19.967	  4553.604	     0.000	     0.000	     0.960	     1.166
483.00	 1227.925	-5326.031	 3414.282	  66.431	1585.729	512.305	     0.000	    19.742	  4569.145	     0.000	     0.000	     0.960	     1.169
484.00	 1228.397	-5324.529	 3414.416	  65.351	1576.637	513.447	     0.000	    19.516	  4584.767	     0.000	     0.000	     0.960	     1.171
485.00	 1228.863	-5323.033	 3414.545	  64.272	1567.495	514.579	     0.000	    19.291	  4600.469	     0.000	     0.000	     0.960	     1.173
486.00	 1229.322	-5321.546	 3414.666	  63.195	1558.303	515.699	     0.000	    19.066	  4616.252	     0.000	     0.000	     0.960	     1.176
487.00	 1229.775	-5320.065	 3414.782	  62.119	1549.060	516.808	     0.000	    18.840	  4632.117	     0.000	     0.000	     0.960	     1.179
488.00	 1230.222	-5318.592	 3414.891	  61.045	1539.766	517.907	     0.000	    18.615	  4648.066	     0.000	     0.000	     0.960	     1.181
489.00	 1230.663	-5317.126	 3414.994	  59.973	1530.419	518.995	     0.000	    18.389	  4664.098	     0.000	     0.000	     0.960	     1.184
490.00	 1231.097	-5315.667	 3415.091	  58.903	1521.018	520.071	     0.000	    18.164	  4680.215	     0.000	     0.000	     0.960	     1.187
491.00	 1231.525	-5314.216	 3415.181	  57.835	1511.562	521.137	     0.000	    17.938	  4696.418	     0.000	     0.000	     0.960	     1.190
492.00	 1231.947	-5312.773	 3415.266	  56.769	1502.051	522.192	     0.000	    17.713	  4712.707	     0.000	     0.000	     0.960	     1.193
493.00	 1232.363	-5311.338	 3415.345	  55.706	1492.484	523.235	     0.000	    17.487	  4729.084	     0.000	     0.000	     0.960	     1.196
494.00	 1232.773	-5309.911	 3415.418	  54.645	1482.860	524.268	     0.000	    17.262	  4745.550	     0.000	     0.000	     0.960	     1.199
495.00	 1233.176	-5308.492	 3415.484	  53.586	1473.177	525.290	     0.000	    17.036	  4762.105	     0.000	     0.000	     0.960	     1.203
496.00	 1233.573	-5307.080	 3415.545	  52.530	1463.434	526.300	     0.000	    16.811	  4778.750	     0.000	     0.000	     0.960	     1.206
497.00	 1233.965	-5305.677	 3415.601	  51.476	1453.631	527.300	     0.000	    16.585	  4795.487	     0.000	     0.000	     0.960	     1.210
498.00	 1234.350	-5304.283	 3415.650	  50.425	1443.767	528.289	     0.000	    16.360	  4812.316	     0.000	     0.000	     0.960	     1.213
499.00	 1234.728	-5302.896	 3415.694	  49.377	1433.840	529.266	     0.000	    16.134	  4829.239	     0.000	     0.000	     0.960	     1.217
500.00	 1235.101	-5301.519	 3415.732	  48.332	1423.850	530.232	     0.000	    15.909	  4846.256	     0.000	     0.000	     0.960	     1.221
501.00	 1235.468	-5300.149	 3415.765	  47.291	1413.795	531.187	     0.000	    15.683	  4863.369	     0.000	     0.000	     0.960	     1.225
502.00	 1235.829	-5298.789	 3415.792	  46.252	1403.674	532.131	     0.000	    15.458	  4880.578	     0.000	     0.000	     0.960	     1.229
503.00	 1236.183	-5297.437	 3415.814	  45.217	1393.487	533.064	     0.000	    15.232	  4897.886	     0.000	     0.000	     0.960	     1.233
504.00	 1236.532	-5296.095	 3415.830	  44.185	1383.231	533.986	     0.000	    15.007	  4915.292	     0.000	     0.000	     0.960	     1.237
505.00	 1236.874	-5294.761	 3415.841	  43.157	1372.906	534.896	     0.000	    14.781	  4932.798	     0.000	     0.000	     0.960	     1.242
506.00	 1237.211	-5293.436	 3415.847	  42.133	1362.511	535.795	     0.000	    14.556	  4950.405	     0.000	     0.000	     0.960	     1.246
507.00	 1237.541	-5292.121	 3415.847	  41.112	1352.044	536.683	     0.000	    14.330	  4968.115	     0.000	     0.000	     0.960	     1.251
508.00	 1237.866	-5290.815	 3415.843	  40.095	1341.504	537.560	     0.000	    14.105	  4985.928	     0.000	     0.000	     0.960	     1.256
509.00	 1238.184	-5289.518	 3415.833	  39.083	1330.890	538.425	     0.000	    13.879	  5003.846	     0.000	     0.000	     0.960	     1.261
510.00	 1238.497	-5288.231	 3415.818	  38.074	1320.201	539.279	     0.000	    13.654	  5021.870	     0.000	     0.000	     0.960	     1.266
511.00	 1238.804	-5286.954	 3415.799	  37.070	1309.435	540.122	     0.000	    13.428	  5040.001	     0.000	     0.000	     0.960	     1.271
512.00	 1239.104	-5285.687	 3415.774	  36.070	1298.591	540.954	     0.000	    13.203	  5058.240	     0.000	     0.000	     0.960	     1.276
513.00	 1239.399	-5284.429	 3415.745	  35.075	1287.668	541.774	     0.000	    12.977	  5076.590	     0.000	     0.000	     0.960	     1.282
514.00	 1239.688	-5283.181	 3415.711	  34.085	1276.664	542.583	     0.000	    12.752	  5095.051	     0.000	     0.000	     0.960	     1.287
515.00	 1239.972	-5281.944	 3415.673	  33.099	1265.578	543.380	     0.000	    12.526	  5113.624	     0.000	     0.000	     0.960	     1.293
516.00	 1240.249	-5280.717	 3415.630	  32.119	1254.408	544.166	     0.000	    12.301	  5132.311	     0.000	     0.000	     0.960	     1.299
517.00	 1240.521	-5279.500	 3415.582	  31.143	1243.153	544.941	     0.000	    12.075	  5151.113	     0.000	     0.000	     0.960	     1.305
518.00	 1240.786	-5278.294	 3415.530	  30.173	1231.812	545.704	     0.000	    11.850	  5170.033	     0.000	     0.000	     0.960	     1.311
519.00	 1241.046	-5277.098	 3415.474	  29.208	1220.383	546.457	     0.000	    11.624	  5189.070	     0.000	     0.000	     0.960	     1.318
520.00	 1241.301	-5275.913	 3415.413	  28.249	1208.864	547.197	     0.000	    11.399	  5208.227	     0.000	     0.000	     0.960	     1.324
521.00	 1241.549	-5274.739	 3415.348	  27.296	1197.255	547.926	     0.000	    11.173	  5227.505	     0.000	     0.000	     0.960	     1.331
522.00	 1241.792	-5273.576	 3415.280	  26.348	1185.552	548.644	     0.000	    10.948	  5246.906	     0.000	     0.000	     0.960	     1.338
523.00	 1242.029	-5272.424	 3415.207	  25.406	1173.756	549.350	     0.000	    10.722	  5266.432	     0.000	     0.000	     0.960	     1.345
524.00	 1242.261	-5271.283	 3415.130	  24.471	1161.002	550.045	    28.270	    10.497	  5286.054	     0.000	     0.000	     0.960	     1.517
525.00	 1242.486	-5270.155	 3415.049	  23.543	1147.074	550.728	    32.159	    10.272	  5305.779	     0.000	     0.000	     0.960	     1.554
526.00	 1242.706	-5269.042	 3414.965	  22.623	1132.719	551.397	    36.499	    10.046	  5325.625	     0.000	     0.000	     0.960	     1.595
527.00	 1242.920	-5267.942	 3414.877	  21.712	1117.882	552.054	    41.320	     9.821	  5345.591	     0.000	     0.000	     0.960	     1.642
528.00	 1243.127	-5266.856	 3414.786	  20.810	1102.502	552.697	    46.649	     9.595	  5365.677	     0.000	     0.000	     0.960	     1.695
529.00	 1243.328	-5265.786	 3414.692	  19.917	1086.507	553.328	    52.506	     9.370	  5385.885	     0.000	     0.000	     0.960	     1.757
530.00	 1243.524	-5264.732	 3414.595	  19.035	1069.837	553.944	    58.493	     9.144	  5406.214	     0.000	     0.000	     0.960	     1.823
531.00	 1243.713	-5263.694	 3414.495	  18.164	1052.423	554.547	    64.925	     8.919	  5426.663	     0.000	     0.000	     0.960	     1.898
532.00	 1243.895	-5262.674	 3414.392	  17.305	1034.178	555.134	    71.782	     8.693	  5447.232	     0.000	     0.000	     0.960	     1.982
533.00	 1244.071	-5261.672	 3414.287	  16.457	1015.011	555.708	    79.017	     8.468	  5467.920	     0.000	     0.000	     0.960	     2.075
534.00	 1244.241	-5260.690	 3414.179	  15.624	 994.822	556.265	    86.564	     8.242	  5488.726	     0.000	     0.000	     0.960	     2.179
535.00	 1244.404	-5259.727	 3414.069	  14.805	 973.510	556.808	    94.326	     8.017	  5509.648	     0.000	     0.000	     0.960	     2.294
536.00	 1244.561	-5258.787	 3413.958	  14.001	 950.973	557.333	   102.180	     7.791	  5530.686	     0.000	     0.000	     0.960	     2.419
537.00	 1244.710	-5257.869	 3413.845	  13.214	 927.114	557.842	   109.968	     7.566	  5551.836	     0.000	     0.000	     0.960	     2.554
538.00	 1244.853	-5256.975	 3413.731	  12.444	 901.847	558.333	   117.502	     7.340	  5573.097	     0.000	     0.000	     0.960	     2.697
539.00	 1244.988	-5256.107	 3413.616	  11.694	 875.101	558.806	   124.563	     7.115	  5594.467	     0.000	     0.000	     0.960	     2.847
540.00	 1245.117	-5255.267	 3413.500	  10.965	 846.831	559.261	   130.914	     6.889	  5615.942	     0.000	     0.000	     0.960	     3.000
541.00	 1245.238	-5254.454	 3413.385	  10.258	 817.190	559.695	   133.713	     6.664	  5637.520	     0.000	     0.000	     0.960	     3.120
542.00	 1245.351	-5253.672	 3413.269	   9.574	 786.436	560.110	   134.947	     6.438	  5659.200	     0.000	     0.000	     0.960	     3.226
543.00	 1245.458	-5252.921	 3413.155	   8.914	 754.699	560.504	   134.805	     6.213	  5680.980	     0.000	     0.000	     0.960	     3.317
544.00	 1245.556	-5252.201	 3413.041	   8.279	 722.141	560.878	   133.286	     5.987	  5702.859	     0.000	     0.000	     0.960	     3.391
545.00	 1245.648	-5251.514	 3412.928	   7.671	 688.952	561.231	   130.440	     5.762	  5724.836	     0.000	     0.000	     0.960	     3.444
546.00	 1245.733	-5250.860	 3412.818	   7.089	 655.344	561.564	   126.363	     5.536	  5746.911	     0.000	     0.000	     0.960	     3.476
547.00	 1245.810	-5250.239	 3412.709	   6.534	 621.541	561.875	   121.195	     5.311	  5769.084	     0.000	     0.000	     0.960	     3.484
548.00	 1245.881	-5249.652	 3412.602	   6.006	 587.773	562.166	   115.105	     5.085	  5791.356	     0.000	     0.000	     0.960	     3.470
549.00	 1245.944	-5249.097	 3412.497	   5.505	 554.259	562.437	   108.285	     4.860	  5813.728	     0.000	     0.000	     0.960	     3.433
550.00	 1246.002	-5248.576	 3412.395	   5.032	 521.209	562.689	   100.932	     4.634	  5836.201	     0.000	     0.000	     0.960	     3.376
551.00	 1246.053	-5248.087	 3412.296	   4.586	 488.807	562.921	    93.241	     4.409	  5858.777	     0.000	     0.000	     0.960	     3.302
552.00	 1246.098	-5247.629	 3412.200	   4.165	 457.211	563.134	    85.394	     4.183	  5881.458	     0.000	     0.000	     0.960	     3.213
553.00	 1246.138	-5247.202	 3412.107	   3.771	 426.888	563.330	    77.645	     3.958	  5904.249	     0.000	     0.000	     0.960	     3.024
554.00	 1246.173	-5246.804	 3412.017	   3.401	 398.718	563.509	    70.428	     3.732	  5927.151	     0.000	     0.000	     0.960	     2.814
555.00	 1246.203	-5246.433	 3411.929	   3.054	 372.459	563.672	    63.732	     3.507	  5950.168	     0.000	     0.000	     0.960	     2.632
556.00	 1246.228	-5246.086	 3411.845	   2.727	 347.844	563.822	    57.505	     3.281	  5973.305	     0.000	     0.000	     0.960	     2.476
557.00	 1246.249	-5245.763	 3411.762	   2.421	 324.648	563.958	    51.704	     3.056	  5996.565	     0.000	     0.000	     0.960	     2.340
558.00	 1246.267	-5245.463	 3411.683	   2.134	 302.679	564.081	    46.293	     2.830	  6019.953	     0.000	     0.000	     0.960	     2.223
559.00	 1246.281	-5245.183	 3411.606	   1.865	 281.767	564.192	    41.242	     2.605	  6043.472	     0.000	     0.000	     0.960	     2.122
560.00	 1246.292	-5244.924	 3411.532	   1.614	 261.766	564.293	    36.526	     2.379	  6067.128	     0.000	     0.000	     0.960	     2.034
561.00	 1246.300	-5244.685	 3411.460	   1.379	 242.547	564.383	    32.125	     2.154	  6090.925	     0.000	     0.000	     0.960	     1.959
562.00	 1246.306	-5244.464	 3411.392	   1.161	 223.994	564.463	    28.023	     1.928	  6114.869	     0.000	     0.000	     0.960	     1.894
563.00	 1246.309	-5244.261	 3411.326	   0.959	 206.005	564.533	    24.205	     1.703	  6138.965	     0.000	     0.000	     0.960	     1.840
564.00	 1246.309	-5244.076	 3411.264	   0.773	 188.487	564.595	    20.665	     1.478	  6163.219	     0.000	     0.000	     0.960	     1.794
565.00	 1246.308	-5243.908	 3411.205	   0.602	 171.355	564.649	    17.394	     1.252	  6187.637	     0.000	     0.000	     0.960	     1.756
566.00	 1246.306	-5243.756	 3411.150	   0.447	 154.478	564.695	    14.382	     1.027	  6212.226	     0.000	     0.000	     0.960	     1.736
567.00	 1246.302	-5243.621	 3411.098	   0.307	 137.732	564.734	    11.619	     0.801	  6236.991	     0.000	     0.000	     0.960	     1.721
568.00	 1246.297	-5243.503	 3411.051	   0.183	 121.100	564.766	     9.121	     0.576	  6261.941	     0.000	     0.000	     0.960	     1.708
569.00	 1246.291	-5243.400	 3411.008	   0.074	 104.557	564.792	     6.901	     0.350	  6287.083	     0.000	     0.000	     0.960	     1.698
